3515.261747 689.500000
3518.180239 680.000000
3521.098762 688.000000
3524.017316 686.000000
3526.935899 688.000000
3529.854511 693.000000
3532.773153 704.500000
3535.691824 724.000000
3538.610524 744.500000
3541.529252 763.000000
3544.448008 748.500000
3547.366792 755.500000
3550.285603 772.500000
3553.204442 803.000000
3556.123307 813.000000
3559.042199 789.500000
3561.961118 757.000000
3564.880062 749.500000
3567.799032 739.000000
3570.718028 763.500000
3573.637048 764.500000
3576.556094 756.500000
3579.475164 780.000000
3582.394258 770.500000
3585.313376 749.000000
3588.232518 739.000000
3591.151683 721.500000
3594.070872 717.000000
3596.990083 722.500000
3599.909316 720.500000
3602.828572 715.500000
3605.747850 711.500000
3608.667149 705.000000
3611.586470 709.500000
3614.505811 701.000000
3617.425174 703.000000
3620.344557 704.000000
3623.263960 704.000000
3626.183382 708.000000
3629.102825 711.500000
3632.022287 731.000000
3634.941767 718.500000
3637.861267 720.000000
3640.780785 720.500000
3643.700320 717.000000
3646.619874 729.000000
3649.539446 728.500000
3652.459034 729.000000
3655.378640 726.000000
3658.298262 717.500000
3661.217901 706.500000
3664.137556 713.000000
3667.057226 711.000000
3669.976912 716.000000
3672.896614 715.500000
3675.816330 710.500000
3678.736061 713.000000
3681.655807 708.500000
3684.575566 707.000000
3687.495339 705.000000
3690.415126 706.000000
3693.334926 706.500000
3696.254739 702.500000
3699.174565 702.500000
3702.094403 700.500000
3705.014254 707.000000
3707.934116 724.500000
3710.853989 745.500000
3713.773874 754.500000
3716.693770 763.000000
3719.613676 777.000000
3722.533593 793.000000
3725.453520 814.500000
3728.373457 811.500000
3731.293404 804.000000
3734.213359 807.000000
3737.133324 786.500000
3740.053298 756.000000
3742.973279 751.000000
3745.893269 746.000000
3748.813267 744.000000
3751.733273 732.500000
3754.653285 759.000000
3757.573305 772.000000
3760.493332 804.500000
3763.413365 800.000000
3766.333404 793.000000
3769.253449 786.000000
3772.173499 783.000000
3775.093555 780.500000
3778.013616 766.000000
3780.933682 764.000000
3783.853753 744.000000
3786.773827 731.500000
3789.693906 734.500000
3792.613988 741.500000
3795.534074 754.000000
3798.454162 770.000000
3801.374254 769.500000
3804.294348 779.500000
3807.214445 761.500000
3810.134543 749.500000
3813.054643 754.000000
3815.974745 736.000000
3818.894848 741.500000
3821.814951 752.500000
3824.735056 767.500000
3827.655160 784.500000
3830.575265 788.000000
3833.495370 782.500000
3836.415474 780.000000
3839.335577 793.500000
3842.255680 841.500000
3845.175781 870.000000
3848.095880 867.000000
3851.015978 834.000000
3853.936073 812.000000
3856.856167 797.000000
3859.776257 810.500000
3862.696345 825.000000
3865.616429 849.000000
3868.536510 815.500000
3871.456587 792.500000
3874.376660 769.000000
3877.296729 757.000000
3880.216793 757.500000
3883.136853 756.500000
3886.056907 751.000000
3888.976956 751.500000
3891.897000 753.500000
3894.817037 740.000000
3897.737068 736.000000
3900.657093 728.500000
3903.577111 727.000000
3906.497122 733.500000
3909.417126 734.500000
3912.337122 738.000000
3915.257111 775.000000
3918.177091 824.000000
3921.097063 897.000000
3924.017027 942.000000
3926.936981 958.000000
3929.856927 913.000000
3932.776863 880.000000
3935.696789 907.000000
3938.616706 1005.500000
3941.536612 1110.000000
3944.456508 1156.500000
3947.376393 1116.500000
3950.296267 1013.000000
3953.216130 921.500000
3956.135981 884.000000
3959.055820 830.000000
3961.975648 815.000000
3964.895463 818.000000
3967.815265 807.500000
3970.735055 815.500000
3973.654831 814.500000
3976.574594 814.500000
3979.494343 792.500000
3982.414079 793.000000
3985.333800 797.500000
3988.253507 819.500000
3991.173199 827.000000
3994.092876 811.500000
3997.012538 787.000000
3999.932185 778.000000
4002.851816 773.500000
4005.771430 783.500000
4008.691029 809.000000
4011.610611 793.000000
4014.530176 787.500000
4017.449724 780.500000
4020.369254 760.500000
4023.288768 764.500000
4026.208263 787.500000
4029.127740 807.500000
4032.047199 869.500000
4034.966639 1024.000000
4037.886060 1190.000000
4040.805462 1298.000000
4043.724845 1344.000000
4046.644208 1288.500000
4049.563552 1270.000000
4052.482875 1182.000000
4055.402177 1087.000000
4058.321459 1023.000000
4061.240720 1012.000000
4064.159960 1217.500000
4067.079178 1359.000000
4069.998375 1508.000000
4072.917549 1490.500000
4075.836702 1442.000000
4078.755832 1329.500000
4081.674939 1213.000000
4084.594023 1108.000000
4087.513084 1023.000000
4090.432121 948.500000
4093.351135 954.500000
4096.270124 1013.000000
4099.189089 1058.000000
4102.108030 1062.000000
4105.026946 1015.000000
4107.945837 948.000000
4110.864703 906.000000
4113.783543 864.500000
4116.702357 843.500000
4119.621146 855.000000
4122.539908 1006.500000
4125.458643 1269.500000
4128.377352 1453.500000
4131.296033 1430.500000
4134.214687 1292.000000
4137.133314 1160.500000
4140.051913 1050.000000
4142.970484 1012.000000
4145.889026 1021.000000
4148.807540 1420.500000
4151.726025 2349.000000
4154.644481 3070.500000
4157.562907 3411.500000
4160.481305 2969.500000
4163.399672 2559.500000
4166.318009 2101.500000
4169.236316 1832.000000
4172.154592 1678.500000
4175.072838 1651.000000
4177.991052 1586.000000
4180.909235 1616.000000
4183.827387 1733.000000
4186.745506 1918.000000
4189.663594 2526.500000
4192.581649 3575.000000
4195.499672 4589.000000
4198.417662 4837.000000
4201.335619 4165.500000
4204.253543 3350.000000
4207.171433 2717.000000
4210.089289 2276.500000
4213.007111 1947.000000
4215.924899 1739.500000
4218.842653 1583.000000
4221.760372 1479.500000
4224.678055 1376.000000
4227.595704 1270.500000
4230.513317 1249.000000
4233.430894 1216.500000
4236.348435 1188.000000
4239.265940 1109.000000
4242.183408 1073.000000
4245.100840 1028.500000
4248.018235 1096.500000
4250.935592 1483.000000
4253.852912 2054.000000
4256.770195 2589.500000
4259.687439 2732.000000
4262.604645 2841.500000
4265.521813 3058.000000
4268.438942 3393.000000
4271.356033 3889.000000
4274.273084 4018.000000
4277.190095 3776.500000
4280.107067 3101.500000
4283.024000 2602.500000
4285.940892 2116.500000
4288.857743 1839.500000
4291.774554 1763.500000
4294.691325 1843.500000
4297.608054 1886.000000
4300.524742 1796.000000
4303.441388 1602.000000
4306.357993 1441.500000
4309.274555 1261.000000
4312.191076 1172.500000
4315.107553 1072.500000
4318.023988 1029.500000
4320.940380 1009.500000
4323.856729 1194.000000
4326.773034 1690.000000
4329.689296 2145.500000
4332.605514 2342.500000
4335.521687 2190.000000
4338.437816 2115.500000
4341.353901 2290.500000
4344.269940 2535.000000
4347.185935 2640.500000
4350.101884 2356.000000
4353.017788 2058.000000
4355.933645 1730.500000
4358.849457 1553.500000
4361.765222 1575.500000
4364.680941 1762.500000
4367.596613 1972.000000
4370.512239 2173.500000
4373.427816 2126.000000
4376.343347 2114.500000
4379.258830 2008.000000
4382.174264 1807.500000
4385.089651 1632.000000
4388.004989 1415.000000
4390.920279 1334.000000
4393.835520 1364.000000
4396.750711 1418.500000
4399.665854 1438.500000
4402.580946 1355.500000
4405.495989 1225.500000
4408.410982 1080.500000
4411.325925 1001.500000
4414.240817 955.500000
4417.155659 1070.000000
4420.070449 1446.500000
4422.985189 1818.000000
4425.899877 2109.500000
4428.814513 2144.000000
4431.729098 2045.000000
4434.643630 1796.500000
4437.558111 1649.500000
4440.472538 1510.000000
4443.386913 1413.500000
4446.301235 1397.500000
4449.215503 1282.500000
4452.129718 1155.000000
4455.043880 1053.500000
4457.957987 989.500000
4460.872041 927.000000
4463.786040 893.500000
4466.699984 947.000000
4469.613874 1075.500000
4472.527708 1224.000000
4475.441488 1448.500000
4478.355211 1632.000000
4481.268879 1662.000000
4484.182492 1549.000000
4487.096047 1384.000000
4490.009547 1258.000000
4492.922990 1148.500000
4495.836376 1138.500000
4498.749705 1081.000000
4501.662977 1131.500000
4504.576191 1436.000000
4507.489347 1744.500000
4510.402446 1875.000000
4513.315486 1711.000000
4516.228468 1571.000000
4519.141391 1373.500000
4522.054255 1268.000000
4524.967060 1232.000000
4527.879806 1168.500000
4530.792493 1130.000000
4533.705119 1090.500000
4536.617686 1290.500000
4539.530192 1975.000000
4542.442638 2611.000000
4545.355024 2882.000000
4548.267348 2461.500000
4551.179612 2137.500000
4554.091814 1726.000000
4557.003955 1492.000000
4559.916034 1414.500000
4562.828051 1333.000000
4565.740005 1260.500000
4568.651898 1143.500000
4571.563727 1237.500000
4574.475494 1570.000000
4577.387198 1865.000000
4580.298839 2030.500000
4583.210416 2133.500000
4586.121930 2395.000000
4589.033379 2548.000000
4591.944764 2499.000000
4594.856085 2302.000000
4597.767342 2070.500000
4600.678534 1985.500000
4603.589660 2406.500000
4606.500722 2876.500000
4609.411718 3134.500000
4612.322648 2937.000000
4615.233513 2376.500000
4618.144311 1887.000000
4621.055043 1616.500000
4623.965709 1493.000000
4626.876307 1395.000000
4629.786839 1321.500000
4632.697304 1251.000000
4635.607701 1174.500000
4638.518031 1100.500000
4641.428293 1008.000000
4644.338487 961.500000
4647.248613 975.000000
4650.158670 1191.500000
4653.068659 1774.500000
4655.978579 2280.000000
4658.888429 2401.000000
4661.798211 2098.500000
4664.707923 1793.500000
4667.617565 1477.500000
4670.527137 1275.500000
4673.436639 1207.000000
4676.346071 1149.500000
4679.255432 1062.500000
4682.164723 991.000000
4685.073942 916.500000
4687.983091 866.000000
4690.892168 821.000000
4693.801173 815.500000
4696.710106 860.000000
4699.618968 937.500000
4702.527757 978.500000
4705.436474 988.000000
4708.345118 959.000000
4711.253689 902.500000
4714.162188 891.000000
4717.070613 926.500000
4719.978964 1166.500000
4722.887242 1622.000000
4725.795446 2069.000000
4728.703575 2300.500000
4731.611631 2401.000000
4734.519612 2301.000000
4737.427518 2084.500000
4740.335349 1845.000000
4743.243106 1605.000000
4746.150786 1432.500000
4749.058392 1323.500000
4751.965921 1264.500000
4754.873375 1212.500000
4757.780752 1720.500000
4760.688053 2821.000000
4763.595278 3754.500000
4766.502425 3992.500000
4769.409496 3393.000000
4772.316490 2766.500000
4775.223406 2194.500000
4778.130244 1827.500000
4781.037005 1700.000000
4783.943688 1536.500000
4786.850293 1391.500000
4789.756819 1217.500000
4792.663266 1126.000000
4795.569635 1006.500000
4798.475925 1052.000000
4801.382136 1396.500000
4804.288267 1690.000000
4807.194318 1897.500000
4810.100290 1677.500000
4813.006182 1451.500000
4815.911994 1284.500000
4818.817725 1132.000000
4821.723375 1096.500000
4824.628945 1051.000000
4827.534434 982.500000
4830.439841 932.000000
4833.345167 886.500000
4836.250412 869.500000
4839.155575 868.500000
4842.060655 1001.500000
4844.965654 1154.500000
4847.870570 1284.500000
4850.775403 1233.000000
4853.680154 1133.500000
4856.584822 1025.500000
4859.489406 975.000000
4862.393908 964.500000
4865.298325 981.000000
4868.202659 968.500000
4871.106909 1046.000000
4874.011075 1562.500000
4876.915156 2273.500000
4879.819153 2773.000000
4882.723065 2869.500000
4885.626892 2637.000000
4888.530634 2314.500000
4891.434290 1980.500000
4894.337861 1746.500000
4897.241347 1603.500000
4900.144746 1439.500000
4903.048059 1339.000000
4905.951286 1192.000000
4908.854427 1091.500000
4911.757480 1002.500000
4914.660447 923.500000
4917.563327 849.000000
4920.466120 828.500000
4923.368825 819.500000
4926.271442 818.500000
4929.173972 872.000000
4932.076413 907.000000
4934.978767 954.000000
4937.881032 908.500000
4940.783208 891.000000
4943.685295 866.500000
4946.587294 851.000000
4949.489203 840.500000
4952.391023 864.500000
4955.292754 859.500000
4958.194394 984.500000
4961.095945 1284.500000
4963.997405 1576.500000
4966.898776 1699.000000
4969.800055 1542.500000
4972.701244 1361.000000
4975.602343 1198.500000
4978.503350 1099.000000
4981.404266 1041.500000
4984.305090 1001.000000
4987.205823 945.500000
4990.106464 902.500000
4993.007012 863.500000
4995.907469 831.500000
4998.807834 818.500000
5001.708105 812.500000
5004.608284 882.500000
5007.508370 955.500000
5010.408363 1075.000000
5013.308263 1236.500000
5016.208069 1324.500000
5019.107782 1357.500000
5022.007400 1258.000000
5024.906925 1111.500000
5027.806355 1024.000000
5030.705691 975.500000
5033.604933 958.500000
5036.504079 901.000000
5039.403131 861.000000
5042.302087 865.500000
5045.200948 843.500000
5048.099714 850.500000
5050.998384 862.500000
5053.896958 890.500000
5056.795436 992.500000
5059.693817 1098.000000
5062.592103 1149.500000
5065.490291 1127.500000
5068.388383 1039.500000
5071.286378 1005.000000
5074.184276 937.500000
5077.082077 903.500000
5079.979779 888.000000
5082.877385 889.500000
5085.774892 915.000000
5088.672301 942.000000
5091.569613 966.500000
5094.466825 938.500000
5097.363939 904.000000
5100.260955 862.500000
5103.157871 856.000000
5106.054689 873.000000
5108.951407 853.500000
5111.848025 831.000000
5114.744544 835.500000
5117.640963 831.500000
5120.537282 847.000000
5123.433501 869.500000
5126.329619 869.000000
5129.225637 846.000000
5132.121555 833.000000
5135.017371 854.500000
5137.913086 956.000000
5140.808700 1074.000000
5143.704213 1166.500000
5146.599624 1200.500000
5149.494933 1214.000000
5152.390141 1152.500000
5155.285246 1132.000000
5158.180249 1226.000000
5161.075149 1315.500000
5163.969947 1356.000000
5166.864642 1303.000000
5169.759234 1182.500000
5172.653723 1091.500000
5175.548109 1021.500000
5178.442391 1003.500000
5181.336569 1050.000000
5184.230644 1202.000000
5187.124614 1341.000000
5190.018481 1408.000000
5192.912243 1286.000000
5195.805900 1153.000000
5198.699453 1035.000000
5201.592901 958.500000
5204.486244 936.000000
5207.379481 916.000000
5210.272613 911.500000
5213.165640 935.000000
5216.058561 1034.000000
5218.951376 1127.000000
5221.844085 1155.500000
5224.736688 1121.000000
5227.629184 1010.500000
5230.521574 968.500000
5233.413857 950.500000
5236.306033 907.500000
5239.198102 891.500000
5242.090064 887.500000
5244.981918 866.500000
5247.873665 899.000000
5250.765304 953.000000
5253.656835 976.000000
5256.548258 951.000000
5259.439573 924.000000
5262.330780 892.500000
5265.221877 883.000000
5268.112867 848.000000
5271.003747 847.500000
5273.894518 841.000000
5276.785180 812.000000
5279.675732 830.000000
5282.566175 838.500000
5285.456508 848.500000
5288.346731 854.000000
5291.236845 858.000000
5294.126848 887.500000
5297.016740 864.000000
5299.906522 861.000000
5302.796194 837.500000
5305.685754 844.000000
5308.575203 843.500000
5311.464542 836.500000
5314.353768 820.000000
5317.242884 829.000000
5320.131887 805.000000
5323.020779 804.500000
5325.909559 794.000000
5328.798226 797.000000
5331.686782 799.000000
5334.575224 783.500000
5337.463554 782.000000
5340.351772 785.500000
5343.239876 789.500000
5346.127867 805.000000
5349.015745 824.000000
5351.903509 818.000000
5354.791160 837.500000
5357.678697 839.500000
5360.566120 830.500000
5363.453429 812.000000
5366.340624 812.000000
5369.227704 811.000000
5372.114670 815.500000
5375.001521 827.000000
5377.888257 833.500000
5380.774879 816.000000
5383.661384 813.000000
5386.547775 805.000000
5389.434050 822.500000
5392.320210 844.000000
5395.206253 850.000000
5398.092181 844.000000
5400.977992 842.500000
5403.863687 849.000000
5406.749266 865.500000
5409.634728 857.500000
5412.520074 849.500000
5415.405302 874.000000
5418.290414 909.000000
5421.175408 935.000000
5424.060285 954.500000
5426.945044 917.000000
5429.829686 874.500000
5432.714210 843.500000
5435.598616 869.500000
5438.482903 886.000000
5441.367073 954.500000
5444.251124 970.500000
5447.135056 1021.500000
5450.018870 1116.000000
5452.902565 1189.000000
5455.786140 1201.500000
5458.669597 1186.000000
5461.552934 1077.500000
5464.436152 1007.500000
5467.319250 964.500000
5470.202228 966.500000
5473.085086 922.500000
5475.967824 911.000000
5478.850442 856.500000
5481.732940 843.000000
5484.615317 834.500000
5487.497573 847.000000
5490.379709 1048.000000
5493.261723 1316.000000
5496.143617 1556.500000
5499.025389 1626.000000
5501.907039 1482.500000
5504.788568 1377.500000
5507.669975 1279.000000
5510.551261 1183.000000
5513.432424 1099.500000
5516.313465 1021.500000
5519.194384 971.500000
5522.075181 947.000000
5524.955854 940.500000
5527.836405 908.500000
5530.716834 878.000000
5533.597139 878.000000
5536.477321 863.000000
5539.357379 868.000000
5542.237314 850.000000
5545.117126 836.500000
5547.996813 846.000000
5550.876377 896.500000
5553.755817 1126.500000
5556.635132 1444.000000
5559.514323 1676.500000
5562.393390 1606.500000
5565.272332 1482.500000
5568.151149 1373.500000
5571.029841 1350.000000
5573.908409 1387.500000
5576.786851 1373.500000
5579.665167 1243.000000
5582.543358 1141.500000
5585.421424 1067.500000
5588.299364 1004.000000
5591.177178 972.000000
5594.054866 978.500000
5596.932427 1015.000000
5599.809862 1113.500000
5602.687171 1432.000000
5605.564353 1685.500000
5608.441409 1913.500000
5611.318337 1738.500000
5614.195139 1517.000000
5617.071813 1313.000000
5619.948360 1238.000000
5622.824780 1173.500000
5625.701072 1098.000000
5628.577236 1038.500000
5631.453273 980.000000
5634.329181 953.500000
5637.204961 927.000000
5640.080613 934.500000
5642.956137 953.000000
5645.831532 1043.000000
5648.706798 1198.500000
5651.581936 1312.500000
5654.456945 1267.500000
5657.331824 1205.000000
5660.206574 1120.500000
5663.081195 1029.000000
5665.955687 994.000000
5668.830048 947.000000
5671.704280 911.500000
5674.578382 890.500000
5677.452354 919.000000
5680.326196 907.500000
5683.199908 947.000000
5686.073489 992.000000
5688.946939 1006.000000
5691.820259 1033.000000
5694.693448 989.000000
5697.566506 963.000000
5700.439433 948.500000
5703.312229 900.500000
5706.184893 895.000000
5709.057426 863.000000
5711.929827 849.500000
5714.802096 851.500000
5717.674234 841.500000
5720.546239 822.500000
5723.418113 826.000000
5726.289854 817.500000
5729.161462 823.000000
5732.032938 835.500000
5734.904281 936.500000
5737.775492 1042.500000
5740.646570 1135.500000
5743.517514 1102.500000
5746.388325 1052.000000
5749.259003 975.500000
5752.129548 905.000000
5754.999959 910.000000
5757.870236 873.000000
5760.740380 870.000000
5763.610389 856.500000
5766.480264 873.500000
5769.350006 907.500000
5772.219612 966.000000
5775.089085 972.000000
5777.958422 956.000000
5780.827625 949.500000
5783.696693 947.000000
5786.565626 921.500000
5789.434424 908.500000
5792.303087 899.500000
5795.171615 894.500000
5798.040006 901.500000
5800.908263 962.500000
5803.776383 956.500000
5806.644368 924.000000
5809.512217 908.500000
5812.379929 884.500000
5815.247506 883.500000
5818.114946 857.500000
5820.982250 851.000000
5823.849416 856.500000
5826.716447 857.500000
5829.583340 916.000000
5832.450097 1001.000000
5835.316716 1081.500000
5838.183198 1072.000000
5841.049543 1009.500000
5843.915750 955.000000
5846.781820 941.000000
5849.647752 972.000000
5852.513546 989.000000
5855.379203 1080.500000
5858.244721 1142.500000
5861.110101 1200.000000
5863.975343 1173.500000
5866.840446 1080.500000
5869.705411 1021.000000
5872.570237 982.500000
5875.434924 968.000000
5878.299473 1048.000000
5881.163882 1181.000000
5884.028152 1501.500000
5886.892284 1739.000000
5889.756275 1857.000000
5892.620127 1691.500000
5895.483840 1457.000000
5898.347413 1272.000000
5901.210846 1157.500000
5904.074139 1143.500000
5906.937292 1469.000000
5909.800305 1907.500000
5912.663177 2251.000000
5915.525909 2189.000000
5918.388501 1859.000000
5921.250952 1599.500000
5924.113262 1567.500000
5926.975431 1647.000000
5929.837459 1762.500000
5932.699347 1599.500000
5935.561092 1387.000000
5938.422697 1247.000000
5941.284160 1147.000000
5944.145482 1152.500000
5947.006661 1150.500000
5949.867699 1083.500000
5952.728596 984.500000
5955.589350 911.000000
5958.449962 873.500000
5961.310431 871.000000
5964.170759 879.500000
5967.030944 907.000000
5969.890986 931.000000
5972.750885 947.500000
5975.610642 929.500000
5978.470256 898.000000
5981.329727 922.500000
5984.189055 954.500000
5987.048239 1032.000000
5989.907280 1027.500000
5992.766178 1002.000000
5995.624932 1013.500000
5998.483542 1004.000000
6001.342009 1014.000000
6004.200331 1002.000000
6007.058510 988.000000
6009.916544 996.000000
6012.774434 979.000000
6015.632180 948.500000
6018.489782 977.000000
6021.347239 1030.500000
6024.204551 1207.500000
6027.061718 2003.000000
6029.918741 2823.000000
6032.775618 3538.000000
6035.632351 3313.500000
6038.488938 2996.500000
6041.345380 2801.500000
6044.201677 2720.000000
6047.057828 2461.500000
6049.913833 2173.500000
6052.769693 1927.000000
6055.625407 1827.000000
6058.480974 1739.500000
6061.336396 1655.000000
6064.191672 1468.000000
6067.046801 1259.000000
6069.901784 1094.000000
6072.756621 1000.000000
6075.611311 948.000000
6078.465854 929.000000
6081.320251 911.500000
6084.174501 905.000000
6087.028603 923.500000
6089.882559 956.500000
6092.736367 1009.500000
6095.590029 1113.500000
6098.443542 1287.000000
6101.296909 1421.000000
6104.150127 1513.500000
6107.003198 1522.000000
6109.856122 1595.000000
6112.708897 1626.500000
6115.561524 1752.500000
6118.414003 1650.500000
6121.266334 1456.500000
6124.118517 1298.000000
6126.970551 1223.500000
6129.822437 1125.000000
6132.674175 1065.000000
6135.525763 992.000000
6138.377203 986.500000
6141.228494 1065.000000
6144.079636 1154.500000
6146.930628 1195.500000
6149.781472 1147.500000
6152.632166 1135.000000
6155.482711 1121.000000
6158.333107 1082.000000
6161.183353 1042.500000
6164.033449 1082.500000
6166.883395 1317.500000
6169.733192 1604.000000
6172.582838 1808.000000
6175.432335 1735.000000
6178.281681 1462.000000
6181.130878 1253.000000
6183.979923 1131.500000
6186.828819 1019.500000
6189.677564 995.000000
6192.526158 943.000000
6195.374601 885.500000
6198.222894 843.500000
6201.071036 840.500000
6203.919027 854.000000
6206.766866 911.500000
6209.614555 1037.000000
6212.462092 1168.500000
6215.309478 1211.500000
6218.156712 1173.000000
6221.003795 1075.000000
6223.850726 981.000000
6226.697506 955.500000
6229.544133 929.500000
6232.390609 902.000000
6235.236932 886.500000
6238.083104 892.500000
6240.929123 896.500000
6243.774990 934.500000
6246.620705 903.500000
6249.466267 899.500000
6252.311677 888.000000
6255.156934 852.500000
6258.002038 840.000000
6260.846989 823.500000
6263.691788 830.500000
6266.536433 813.500000
6269.380925 807.000000
6272.225265 800.500000
6275.069450 797.000000
6277.913483 813.000000
6280.757362 815.500000
6283.601088 814.500000
6286.444660 804.500000
6289.288078 823.500000
6292.131342 915.000000
6294.974453 1004.500000
6297.817409 1051.000000
6300.660212 1051.000000
6303.502860 1062.500000
6306.345354 1123.500000
6309.187694 1082.000000
6312.029880 1031.500000
6314.871910 969.500000
6317.713787 902.000000
6320.555508 883.000000
6323.397075 856.500000
6326.238488 841.500000
6329.079745 828.500000
6331.920847 821.000000
6334.761794 807.000000
6337.602586 802.000000
6340.443223 792.000000
6343.283704 790.500000
6346.124031 787.000000
6348.964201 794.000000
6351.804216 799.500000
6354.644075 792.000000
6357.483779 802.000000
6360.323327 804.500000
6363.162719 841.000000
6366.001955 879.000000
6368.841034 907.000000
6371.679958 904.500000
6374.518726 863.000000
6377.357337 873.000000
6380.195792 963.500000
6383.034090 1053.000000
6385.872232 1094.000000
6388.710217 1032.000000
6391.548045 968.500000
6394.385717 890.500000
6397.223232 890.000000
6400.060590 880.000000
6402.897791 878.000000
6405.734835 850.500000
6408.571721 950.500000
6411.408451 1295.000000
6414.245023 1668.000000
6417.081437 1788.000000
6419.917695 1645.500000
6422.753794 1366.000000
6425.589736 1172.500000
6428.425521 1039.000000
6431.261147 1014.500000
6434.096616 947.500000
6436.931927 875.500000
6439.767079 830.000000
6442.602074 802.000000
6445.436910 783.500000
6448.271589 773.500000
6451.106109 769.500000
6453.940470 768.500000
6456.774673 765.000000
6459.608718 780.000000
6462.442604 798.500000
6465.276331 829.500000
6468.109900 849.500000
6470.943309 828.000000
6473.776560 808.000000
6476.609652 821.000000
6479.442585 843.500000
6482.275359 856.500000
6485.107973 843.000000
6487.940428 838.000000
6490.772724 830.000000
6493.604861 809.500000
6496.436838 806.500000
6499.268655 805.000000
6502.100313 781.000000
6504.931812 795.500000
6507.763150 782.500000
6510.594329 780.500000
6513.425348 780.000000
6516.256206 775.000000
6519.086905 775.000000
6521.917444 765.000000
6524.747822 770.500000
6527.578041 759.500000
6530.408099 776.500000
6533.237996 794.000000
6536.067733 812.500000
6538.897310 830.000000
6541.726726 821.000000
6544.555982 819.500000
6547.385076 793.500000
6550.214010 792.500000
6553.042783 772.500000
6555.871396 768.500000
6558.699847 765.500000
6561.528137 759.500000
6564.356266 754.500000
6567.184234 751.000000
6570.012041 751.500000
6572.839686 747.000000
6575.667170 747.500000
6578.494493 756.500000
6581.321654 751.000000
6584.148653 744.500000
6586.975491 747.000000
6589.802168 755.500000
6592.628682 762.000000
6595.455035 774.000000
6598.281226 791.500000
6601.107254 822.000000
6603.933121 830.000000
6606.758826 832.500000
6609.584369 809.000000
6612.409749 788.000000
6615.234967 775.500000
6618.060023 764.500000
6620.884917 759.500000
6623.709648 754.500000
6626.534217 743.000000
6629.358623 748.000000
6632.182866 768.500000
6635.006947 804.000000
6637.830865 820.500000
6640.654620 841.000000
6643.478213 833.000000
6646.301642 819.000000
6649.124909 788.500000
6651.948012 796.500000
6654.770953 798.500000
6657.593730 819.000000
6660.416344 844.000000
6663.238795 863.500000
6666.061082 874.000000
6668.883206 978.500000
6671.705167 1386.500000
6674.526964 1752.500000
6677.348598 1888.500000
6680.170068 1698.500000
6682.991374 1370.000000
6685.812517 1150.500000
6688.633496 1045.000000
6691.454311 960.000000
6694.274962 903.500000
6697.095449 843.500000
6699.915772 806.000000
6702.735931 765.500000
6705.555926 755.500000
6708.375757 749.500000
6711.195424 742.500000
6714.014926 741.500000
6716.834265 762.500000
6719.653438 769.000000
6722.472448 755.000000
6725.291292 751.500000
6728.109973 737.500000
6730.928488 742.000000
6733.746839 745.500000
6736.565026 746.000000
6739.383047 748.500000
6742.200904 757.500000
6745.018596 899.500000
6747.836123 1148.500000
6750.653486 1415.000000
6753.470683 1438.000000
6756.287715 1255.500000
6759.104582 1090.500000
6761.921284 1015.500000
6764.737820 957.000000
6767.554192 908.500000
6770.370398 848.000000
6773.186439 791.500000
6776.002314 759.500000
6778.818024 752.000000
6781.633568 738.500000
6784.448947 733.500000
6787.264161 724.000000
6790.079208 720.000000
6792.894090 716.500000
6795.708807 716.000000
6798.523357 707.000000
6801.337742 715.500000
6804.151960 713.000000
6806.966013 715.500000
6809.779900 710.500000
6812.593621 712.000000
6815.407176 715.000000
6818.220564 716.000000
6821.033787 718.500000
6823.846843 712.500000
6826.659734 727.000000
6829.472457 729.000000
6832.285015 741.500000
6835.097406 723.000000
6837.909631 722.500000
6840.721689 713.500000
6843.533581 726.000000
6846.345306 726.000000
6849.156864 716.000000
6851.968256 724.000000
6854.779482 732.000000
6857.590540 734.500000
6860.401432 745.500000
6863.212157 833.500000
6866.022715 983.000000
6868.833106 1101.000000
6871.643331 1112.500000
6874.453388 1006.000000
6877.263278 919.500000
6880.073002 865.500000
6882.882558 837.000000
6885.691947 815.000000
6888.501169 784.000000
6891.310223 749.500000
6894.119111 739.500000
6896.927831 726.500000
6899.736384 719.500000
6902.544769 713.000000
6905.352987 711.000000
6908.161038 717.000000
6910.968921 709.000000
6913.776636 715.500000
6916.584184 707.500000
6919.391564 724.500000
6922.198777 717.500000
6925.005822 726.000000
6927.812699 726.500000
6930.619409 776.000000
6933.425951 838.000000
6936.232325 867.000000
6939.038531 868.500000
6941.844569 841.000000
6944.650439 858.000000
6947.456142 878.000000
6950.261676 920.000000
6953.067042 1028.500000
6955.872240 2547.000000
6958.677270 7962.000000
6961.482132 13886.000000
6964.286826 16984.500000
6967.091351 14212.500000
6969.895709 9698.500000
6972.699898 6614.500000
6975.503918 4646.500000
6978.307771 3378.500000
6981.111455 2379.000000
6983.914970 1520.000000
6986.718317 997.500000
6989.521496 837.000000
6992.324506 777.000000
6995.127348 749.500000
6997.930021 728.500000
7000.732525 728.500000
7003.534861 723.500000
7006.337028 725.000000
7009.139027 716.500000
7011.940856 711.500000
7014.742517 725.000000
7017.544009 718.000000
7020.345333 746.500000
7023.146487 822.000000
7025.947473 904.000000
7028.748290 961.000000
7031.548937 909.500000
7034.349416 859.500000
7037.149726 809.000000
7039.949867 790.500000
7042.749839 771.000000
7045.549641 762.000000
7048.349275 760.000000
7051.148739 771.000000
7053.948035 786.000000
7056.747161 1027.000000
7059.546118 2620.000000
7062.344906 4778.000000
7065.143524 6074.500000
7067.941973 5655.500000
7070.740253 4080.500000
7073.538363 2917.500000
7076.336305 2136.000000
7079.134076 1654.000000
7081.931679 1326.500000
7084.729112 1014.500000
7087.526375 864.000000
7090.323469 786.500000
7093.120393 750.500000
7095.917148 741.000000
7098.713734 735.500000
7101.510149 737.500000
7104.306395 742.500000
7107.102472 740.000000
7109.898379 762.000000
7112.694116 753.500000
7115.489683 759.500000
7118.285081 767.000000
7121.080309 759.500000
7123.875367 760.000000
7126.670256 758.000000
7129.464975 745.000000
7132.259524 742.000000
7135.053903 750.500000
7137.848112 940.500000
7140.642151 1403.000000
7143.436020 1819.500000
7146.229720 1962.500000
7149.023249 1699.000000
7151.816609 1334.500000
7154.609798 1156.500000
7157.402818 1029.500000
7160.195667 925.000000
7162.988347 840.500000
7165.780856 806.500000
7168.573195 777.500000
7171.365365 762.500000
7174.157364 757.500000
7176.949193 759.500000
7179.740852 747.000000
7182.532340 731.500000
7185.323659 719.000000
7188.114807 710.500000
7190.905785 708.000000
7193.696593 712.500000
7196.487230 712.000000
7199.277698 735.000000
7202.067995 763.500000
7204.858122 770.500000
7207.648078 760.500000
7210.437864 752.000000
7213.227480 731.500000
7216.016925 725.500000
7218.806201 727.000000
7221.595305 718.000000
7224.384240 713.000000
7227.173003 711.500000
7229.961597 712.500000
7232.750020 703.500000
7235.538273 708.000000
7238.326355 708.500000
7241.114266 710.500000
7243.902008 714.000000
7246.689578 720.500000
7249.476979 720.000000
7252.264208 723.000000
7255.051267 737.000000
7257.838156 759.000000
7260.624874 801.500000
7263.411422 1214.500000
7266.197799 2277.500000
7268.984005 3284.000000
7271.770041 3518.500000
7274.555906 2919.500000
7277.341600 2051.500000
7280.127124 1595.000000
7282.912478 1269.500000
7285.697660 1056.000000
7288.482672 880.500000
7291.267514 794.500000
7294.052184 746.500000
7296.836684 733.500000
7299.621014 713.000000
7302.405173 723.500000
7305.189161 738.000000
7307.972978 762.000000
7310.756624 766.000000
7313.540100 771.500000
7316.323405 752.000000
7319.106540 742.500000
7321.889504 723.000000
7324.672296 721.000000
7327.454919 712.500000
7330.237370 716.500000
7333.019651 716.500000
7335.801761 707.500000
7338.583700 712.500000
7341.365468 712.000000
7344.147066 735.500000
7346.928493 769.500000
7349.709749 783.500000
7352.490834 786.500000
7355.271749 764.500000
7358.052493 757.500000
7360.833066 761.000000
7363.613468 804.500000
7366.393699 882.000000
7369.173760 940.000000
7371.953650 1035.500000
7374.733369 1941.000000
7377.512917 3897.500000
7380.292294 5560.500000
7383.071501 5797.000000
7385.850536 4447.000000
7388.629401 3037.000000
7391.408096 2156.500000
7394.186619 1613.500000
7396.964971 1264.500000
7399.743153 977.500000
7402.521164 853.500000
7405.299004 791.000000
7408.076674 749.000000
7410.854172 739.000000
7413.631500 741.500000
7416.408657 731.500000
7419.185643 740.000000
7421.962458 739.500000
7424.739103 746.000000
7427.515576 763.000000
7430.291879 779.500000
7433.068011 779.000000
7435.843973 773.000000
7438.619763 757.000000
7441.395383 754.500000
7444.170832 749.000000
7446.946110 747.500000
7449.721218 748.000000
7452.496155 747.500000
7455.270921 744.500000
7458.045516 744.000000
7460.819940 747.500000
7463.594194 774.000000
7466.368277 783.500000
7469.142190 790.500000
7471.915931 795.000000
7474.689502 801.500000
7477.462902 826.000000
7480.236132 844.000000
7483.009190 868.500000
7485.782078 900.000000
7488.554796 951.000000
7491.327343 1130.000000
7494.099719 3362.000000
7496.871924 9727.000000
7499.643959 15158.000000
7502.415823 16881.000000
7505.187516 14240.000000
7507.959039 12655.000000
7510.730391 12160.000000
7513.501573 10643.000000
7516.272584 7721.500000
7519.043425 4847.500000
7521.814094 3196.500000
7524.584594 2076.000000
7527.354922 1508.500000
7530.125081 1159.500000
7532.895068 958.500000
7535.664886 849.500000
7538.434532 791.500000
7541.204008 762.000000
7543.973314 769.000000
7546.742449 748.000000
7549.511414 754.500000
7552.280208 757.500000
7555.048832 752.500000
7557.817285 752.000000
7560.585568 745.000000
7563.353681 748.500000
7566.121623 742.500000
7568.889395 746.000000
7571.656997 756.000000
7574.424428 757.500000
7577.191689 756.500000
7579.958779 749.500000
7582.725699 752.000000
7585.492449 743.500000
7588.259029 757.500000
7591.025438 756.000000
7593.791677 757.000000
7596.557746 766.500000
7599.323645 769.000000
7602.089374 769.500000
7604.854932 771.000000
7607.620320 782.500000
7610.385538 792.500000
7613.150586 827.500000
7615.915464 847.000000
7618.680172 871.500000
7621.444709 952.500000
7624.209077 1623.500000
7626.973275 5932.500000
7629.737302 11457.500000
7632.501160 14349.500000
7635.264848 12800.500000
7638.028365 8487.000000
7640.791713 5596.500000
7643.554891 3495.000000
7646.317899 2291.000000
7649.080737 1545.000000
7651.843405 1204.000000
7654.605903 961.500000
7657.368232 837.000000
7660.130391 786.500000
7662.892380 767.500000
7665.654199 765.000000
7668.415849 755.000000
7671.177328 752.000000
7673.938639 745.500000
7676.699779 737.500000
7679.460750 740.500000
7682.221551 730.500000
7684.982183 743.000000
7687.742645 741.000000
7690.502937 775.000000
7693.263060 781.000000
7696.023014 781.500000
7698.782798 789.500000
7701.542412 820.000000
7704.301857 821.000000
7707.061133 835.000000
7709.820239 861.000000
7712.579176 1068.500000
7715.337944 2809.000000
7718.096542 5798.500000
7720.854972 7584.500000
7723.613231 7441.000000
7726.371322 5301.000000
7729.129244 3463.500000
7731.886996 2272.000000
7734.644579 1613.500000
7737.401993 1188.500000
7740.159238 1004.500000
7742.916314 870.000000
7745.673221 782.500000
7748.429959 762.500000
7751.186527 736.500000
7753.942927 725.500000
7756.699158 730.500000
7759.455220 723.000000
7762.211114 723.000000
7764.966838 718.000000
7767.722394 710.500000
7770.477781 718.500000
7773.232999 713.500000
7775.988048 709.500000
7778.742929 719.000000
7781.497641 716.000000
7784.252185 715.500000
7787.006560 718.000000
7789.760766 714.000000
7792.514804 716.000000
7795.268673 714.500000
7798.022374 710.000000
7800.775906 707.000000
7803.529270 715.000000
7806.282466 704.000000
7809.035494 707.500000
7811.788353 710.000000
7814.541043 713.500000
7817.293566 718.500000
7820.045920 731.000000
7822.798107 742.000000
7825.550125 734.500000
7828.301975 723.500000
7831.053657 719.500000
7833.805171 728.000000
7836.556517 727.000000
7839.307695 728.500000
7842.058705 745.000000
7844.809547 755.500000
7847.560222 750.000000
7850.310728 737.500000
7853.061067 733.000000
7855.811238 724.000000
7858.561242 729.000000
7861.311077 724.000000
7864.060745 712.000000
7866.810246 714.500000
7869.559579 709.500000
7872.308744 713.000000
7875.057742 712.000000
7877.806573 714.500000
7880.555236 719.500000
7883.303732 736.500000
7886.052061 762.000000
7888.800222 778.000000
7891.548216 777.000000
7894.296043 758.500000
7897.043702 736.500000
7899.791195 729.500000
7902.538521 722.500000
7905.285679 720.500000
7908.032670 721.000000
7910.779495 735.000000
7913.526153 725.000000
7916.272643 725.500000
7919.018967 732.500000
7921.765124 732.000000
7924.511115 752.000000
7927.256939 745.000000
7930.002596 753.500000
7932.748086 771.500000
7935.493410 807.500000
7938.238567 1044.500000
7940.983558 2389.000000
7943.728383 3723.500000
7946.473041 4382.500000
7949.217532 3784.500000
7951.961858 2571.500000
7954.706017 1806.000000
7957.450010 1269.000000
7960.193836 990.500000
7962.937497 888.500000
7965.680992 818.000000
7968.424320 773.000000
7971.167482 751.500000
7973.910479 741.000000
7976.653310 744.000000
7979.395975 751.000000
7982.138474 768.500000
7984.880807 773.000000
7987.622974 787.000000
7990.364976 826.000000
7993.106813 877.500000
7995.848483 1177.000000
7998.589988 3482.000000
8001.331328 6490.500000
8004.072503 8240.000000
8006.813512 8858.500000
8009.554355 8715.500000
8012.295034 8301.500000
8015.035547 7133.500000
8017.775895 4675.000000
8020.516077 3035.500000
8023.256095 2044.500000
8025.995948 1370.500000
8028.735636 1057.500000
8031.475159 932.500000
8034.214517 837.000000
8036.953710 779.500000
8039.692738 754.000000
8042.431602 735.500000
8045.170301 744.000000
8047.908836 745.000000
8050.647205 740.000000
8053.385411 749.000000
8056.123452 738.500000
8058.861328 725.500000
8061.599040 736.500000
8064.336588 742.000000
8067.073972 730.500000
8069.811192 733.000000
8072.548247 754.500000
8075.285138 763.500000
8078.021865 777.000000
8080.758429 810.500000
8083.494828 826.500000
8086.231064 828.500000
8088.967135 854.000000
8091.703043 914.500000
8094.438788 1412.000000
8097.174368 3766.000000
8099.909786 6170.000000
8102.645039 7316.500000
8105.380129 6490.000000
8108.115056 7100.500000
8110.849819 9491.000000
8113.584420 10786.500000
8116.318856 9475.000000
8119.053130 6381.500000
8121.787241 4078.000000
8124.521188 2500.500000
8127.254973 1577.500000
8129.988594 1224.500000
8132.722053 1092.500000
8135.455349 961.000000
8138.188482 887.500000
8140.921453 833.500000
8143.654260 791.500000
8146.386906 777.000000
8149.119388 769.000000
8151.851708 767.000000
8154.583866 758.500000
8157.315862 768.000000
8160.047695 745.000000
8162.779366 736.500000
8165.510875 734.500000
8168.242222 730.000000
8170.973406 735.500000
8173.704429 729.000000
8176.435290 734.500000
8179.165989 730.000000
8181.896526 728.500000
8184.626902 730.500000
8187.357116 733.000000
8190.087168 735.000000
8192.817059 732.000000
8195.546788 740.000000
8198.276356 756.500000
8201.005763 761.500000
8203.735008 775.000000
8206.464092 763.500000
8209.193015 758.500000
8211.921777 757.500000
8214.650378 762.000000
8217.378818 754.000000
8220.107097 750.500000
8222.835215 750.500000
8225.563173 743.500000
8228.290970 741.000000
8231.018606 742.000000
8233.746082 752.000000
8236.473397 756.000000
8239.200552 762.500000
8241.927547 777.000000
8244.654381 779.500000
8247.381055 802.000000
8250.107569 847.500000
8252.833923 935.000000
8255.560117 1386.000000
8258.286151 4072.000000
8261.012025 7797.000000
8263.737739 9832.000000
8266.463294 9138.000000
8269.188689 6015.500000
8271.913925 3823.000000
8274.639001 2337.500000
8277.363917 1411.500000
8280.088674 1169.500000
8282.813272 1036.500000
8285.537711 925.000000
8288.261990 843.500000
8290.986111 790.500000
8293.710072 776.000000
8296.433875 767.000000
8299.157518 763.000000
8301.881003 771.000000
8304.604329 786.500000
8307.327497 842.000000
8310.050506 917.500000
8312.773356 937.000000
8315.496048 905.500000
8318.218582 850.000000
8320.940957 824.000000
8323.663175 812.000000
8326.385234 789.500000
8329.107135 771.000000
8331.828878 766.500000
8334.550463 748.000000
8337.271891 742.000000
8339.993160 746.500000
8342.714272 744.500000
8345.435227 742.500000
8348.156024 744.000000
8350.876663 746.500000
8353.597145 751.500000
8356.317470 771.000000
8359.037638 769.500000
8361.757648 775.000000
8364.477502 761.000000
8367.197198 763.500000
8369.916738 752.500000
8372.636121 781.000000
8375.355347 808.500000
8378.074416 828.500000
8380.793329 814.000000
8383.512085 816.500000
8386.230685 837.500000
8388.949129 907.500000
8391.667416 990.000000
8394.385547 1085.000000
8397.103523 1151.000000
8399.821342 1367.500000
8402.539005 2967.500000
8405.256512 6238.500000
8407.973863 8290.500000
8410.691059 8463.500000
8413.408099 6084.000000
8416.124984 3981.000000
8418.841713 4364.500000
8421.558287 7782.500000
8424.274706 10372.500000
8426.990969 10712.500000
8429.707078 7623.500000
8432.423031 4649.500000
8435.138829 2794.500000
8437.854473 1666.500000
8440.569961 1358.000000
8443.285295 1194.000000
8446.000475 1070.000000
8448.715500 909.000000
8451.430370 844.000000
8454.145086 816.000000
8456.859648 793.000000
8459.574055 771.000000
8462.288309 783.000000
8465.002409 793.000000
8467.716354 794.500000
8470.430146 782.000000
8473.143784 790.000000
8475.857268 791.000000
8478.570599 775.500000
8481.283776 766.500000
8483.996800 766.000000
8486.709671 763.000000
8489.422388 768.000000
8492.134952 776.500000
8494.847364 775.000000
8497.559622 785.000000
8500.271727 787.500000
8502.983680 804.500000
8505.695479 816.000000
8508.407127 852.500000
8511.118621 954.500000
8513.829964 1150.500000
8516.541154 2389.000000
8519.252192 5464.000000
8521.963077 7674.000000
8524.673811 8244.500000
8527.384392 6187.000000
8530.094822 3762.500000
8532.805100 2302.000000
8535.515226 1411.500000
8538.225201 1186.000000
8540.935024 1081.000000
8543.644696 1002.500000
8546.354216 902.000000
8549.063585 870.000000
8551.772803 875.500000
8554.481870 860.500000
8557.190786 815.500000
8559.899551 796.500000
8562.608166 782.500000
8565.316629 760.500000
8568.024942 752.500000
8570.733105 754.000000
8573.441117 767.000000
8576.148979 744.000000
8578.856691 753.000000
8581.564253 754.000000
8584.271665 739.000000
8586.978926 756.000000
8589.686038 750.000000
8592.393001 759.500000
8595.099813 771.000000
8597.806476 790.500000
8600.512990 783.500000
8603.219355 781.000000
8605.925570 789.500000
8608.631636 795.000000
8611.337553 781.500000
8614.043321 787.000000
8616.748940 788.500000
8619.454410 791.500000
8622.159732 779.000000
8624.864906 775.000000
8627.569930 763.000000
8630.274807 765.000000
8632.979535 763.000000
8635.684115 758.500000
8638.388548 767.000000
8641.092832 758.500000
8643.796968 750.500000
8646.500957 752.000000
8649.204798 745.500000
8651.908491 756.500000
8654.612037 757.000000
8657.315436 763.500000
8660.018687 802.500000
8662.721791 850.000000
8665.424749 1119.500000
8668.127559 1573.500000
8670.830222 1859.000000
8673.532739 1841.500000
8676.235109 1455.500000
8678.937333 1107.000000
8681.639410 927.000000
8684.341341 837.500000
8687.043126 809.000000
8689.744765 789.500000
8692.446257 794.000000
8695.147604 789.500000
8697.848805 795.000000
8700.549861 762.500000
8703.250770 738.500000
8705.951535 748.500000
8708.652154 746.500000
8711.352627 737.500000
8714.052956 743.000000
8716.753140 740.000000
8719.453178 741.500000
8722.153072 742.500000
8724.852821 749.000000
8727.552426 738.500000
8730.251885 752.000000
8732.951201 757.500000
8735.650372 766.000000
8738.349399 768.000000
8741.048282 764.000000
8743.747022 771.000000
8746.445617 756.500000
8749.144068 755.000000
8751.842376 749.000000
8754.540541 752.500000
8757.238561 759.500000
8759.936439 763.000000
8762.634174 770.500000
8765.331765 769.000000
8768.029213 776.000000
8770.726519 766.500000
8773.423682 756.000000
8776.120702 739.500000
8778.817579 742.500000
8781.514315 735.000000
8784.210907 737.000000
8786.907358 744.500000
8789.603667 743.500000
8792.299834 745.500000
8794.995858 742.500000
8797.691742 754.500000
8800.387483 753.500000
8803.083083 769.000000
8805.778542 757.500000
8808.473859 749.500000
8811.169035 741.500000
8813.864070 740.500000
8816.558964 740.500000
8819.253718 745.000000
8821.948330 745.000000
8824.642802 744.000000
8827.337134 744.500000
8830.031325 747.000000
8832.725376 733.000000
8835.419287 746.000000
8838.113058 740.500000
8840.806689 749.000000
8843.500180 751.500000
8846.193531 744.000000
8848.886743 763.500000
8851.579816 783.000000
8854.272749 783.000000
8856.965543 779.500000
8859.658198 776.000000
8862.350714 773.000000
8865.043091 767.500000
8867.735330 761.500000
8870.427430 749.000000
8873.119391 749.500000
8875.811214 744.500000
8878.502899 751.000000
8881.194446 752.500000
8883.885855 746.000000
8886.577125 747.500000
8889.268259 740.500000
8891.959254 743.500000
8894.650112 747.500000
8897.340833 757.000000
8900.031416 758.000000
8902.721862 761.000000
8905.412171 759.500000
8908.102343 751.500000
8910.792379 763.000000
8913.482278 758.000000
8916.172040 743.500000
8918.861666 751.500000
8921.551155 751.500000
8924.240509 755.000000
8926.929726 749.500000
8929.618808 763.000000
8932.307753 759.000000
8934.996563 749.500000
8937.685238 769.000000
8940.373777 767.000000
8943.062181 767.500000
8945.750449 770.500000
8948.438583 778.500000
8951.126582 786.500000
8953.814445 769.000000
8956.502175 768.000000
8959.189769 771.500000
8961.877230 766.500000
8964.564556 779.000000
8967.251747 794.000000
8969.938805 789.000000
8972.625729 774.000000
8975.312519 773.500000
8977.999176 768.000000
8980.685699 762.000000
8983.372089 758.000000
8986.058345 765.500000
8988.744468 758.500000
8991.430458 752.500000
8994.116316 763.500000
8996.802040 764.500000
8999.487632 764.000000
9002.173092 768.000000
9004.858419 762.500000
9007.543614 766.500000
9010.228677 756.500000
9012.913608 767.000000
9015.598407 756.000000
9018.283074 776.000000
9020.967610 778.000000
9023.652015 787.500000
9026.336288 789.500000
9029.020430 792.500000
9031.704441 784.500000
9034.388321 765.000000
9037.072070 767.500000
9039.755689 763.500000
9042.439177 761.000000
9045.122534 769.500000
9047.805762 772.000000
9050.488859 770.500000
9053.171827 770.500000
9055.854664 763.500000
9058.537372 777.500000
9061.219951 766.500000
9063.902400 774.000000
9066.584719 779.500000
9069.266910 778.500000
9071.948971 782.000000
9074.630904 777.500000
9077.312708 787.000000
9079.994383 784.000000
9082.675930 785.500000
9085.357348 782.500000
9088.038638 788.500000
9090.719801 795.500000
9093.400835 814.500000
9096.081741 835.000000
9098.762520 842.000000
