1395.74 53.0731
1398.75 55.2856
1401.77 56.6115
1404.79 57.4689
1407.8 57.8449
1410.82 50.8436
1413.84 57.941
1416.85 57.0187
1419.87 52.9661
1422.89 54.9444
1425.91 57.7141
1428.92 49.5606
1431.94 51.8794
1434.96 50.5162
1437.97 52.2727
1440.99 55.5973
1444.01 52.5653
1447.03 55.1565
1450.04 52.9339
1453.06 52.3777
1456.08 52.4043
1459.1 59.3354
1462.11 50.4539
1465.13 51.0073
1468.15 55.7905
1471.17 53.8619
1474.18 50.2422
1477.2 53.0744
1480.22 48.4348
1483.24 48.5226
1486.26 51.6082
1489.27 54.7827
1492.29 49.136
1495.31 52.8926
1498.33 51.8186
1501.35 49.6024
1504.36 48.1042
1507.38 50.3137
1510.4 46.2534
1513.42 52.1138
1516.44 48.1063
1519.46 51.7558
1522.47 50.9063
1525.49 48.4266
1528.51 46.0198
1531.53 49.4154
1534.55 49.9173
1537.57 50.8163
1540.59 50.3392
1543.61 48.957
1546.62 50.9635
1549.64 48.0988
1552.66 48.3161
1555.68 49.2343
1558.7 46.74
1561.72 46.5775
1564.74 45.7975
1567.76 45.8551
1570.78 49.5826
1573.8 44.1395
1576.82 46.8064
1579.83 47.7655
1582.85 45.077
1585.87 44.8517
1588.89 47.5304
1591.91 44.3801
1594.93 49.9288
1597.95 45.0783
1600.97 43.3807
1603.99 45.8717
1607.01 44.9673
1610.03 45.1583
1613.05 49.0735
1616.07 45.4433
1619.09 43.856
1622.11 46.6422
1625.13 45.6018
1628.15 44.9686
1631.17 49.5207
1634.19 44.4974
1637.21 43.043
1640.23 44.2579
1643.25 44.3271
1646.27 41.4514
1649.29 45.1963
1652.31 41.9026
1655.33 48.3008
1658.35 44.6163
1661.38 44.3768
1664.4 45.132
1667.42 44.6624
1670.44 43.9124
1673.46 43.4768
1676.48 47.1241
1679.5 43.1619
1682.52 43.9489
1685.54 45.1161
1688.56 40.5574
1691.58 42.4249
1694.6 43.1108
1697.63 44.1043
1700.65 43.4737
1703.67 39.353
1706.69 41.1697
1709.71 44.4439
1712.73 40.7452
1715.75 42.2068
1718.77 45.68
1721.8 42.3011
1724.82 40.0738
1727.84 37.7306
1730.86 40.8217
1733.88 41.4575
1736.9 42.1401
1739.93 45.6162
1742.95 41.4885
1745.97 37.6948
1748.99 40.9998
1752.01 37.6506
1755.03 41.1971
1758.06 40.5099
1761.08 43.4866
1764.1 42.9247
1767.12 41.5937
1770.15 39.7554
1773.17 40.578
1776.19 39.2737
1779.21 43.3358
1782.23 39.3105
1785.26 36.7002
1788.28 37.7348
1791.3 37.0785
1794.32 38.9771
1797.35 35.9204
1800.37 38.7778
1803.39 41.2714
1806.41 39.2123
1809.44 35.9591
1812.46 40.9422
1815.48 41.6314
1818.51 40.626
1821.53 37.6313
1824.55 36.9049
1827.57 37.8936
1830.6 37.7928
1833.62 39.0439
1836.64 36.7725
1839.67 38.2218
1842.69 39.3818
1845.71 40.3882
1848.74 37.8225
1851.76 41.1658
1854.78 37.8919
1857.81 39.5997
1860.83 39.6136
1863.85 36.6488
1866.88 39.7483
1869.9 35.0749
1872.92 40.8035
1875.95 41.4017
1878.97 38.6612
1881.99 39.4331
1885.02 38.2111
1888.04 36.4949
1891.06 38.5899
1894.09 40.5323
1897.11 40.7612
1900.14 38.0648
1903.16 35.6303
1906.18 36.9268
1909.21 38.8169
1912.23 35.973
1915.26 35.1147
1918.28 35.4265
1921.3 38.4757
1924.33 34.97
1927.35 33.3255
1930.38 36.8745
1933.4 38.928
1936.43 40.3594
1939.45 37.8323
1942.47 37.5945
1945.5 36.5793
1948.52 35.9137
1951.55 39.7784
1954.57 38.7854
1957.6 35.9093
1960.62 35.5119
1963.65 38.9517
1966.67 34.3653
1969.7 35.1209
1972.72 36.3619
1975.75 35.3999
1978.77 35.3209
1981.8 33.6075
1984.82 34.0624
1987.85 38.344
1990.87 37.8882
1993.9 35.8661
1996.92 32.5568
1999.95 31.0183
2002.97 36.4424
2006 38.1411
2009.02 39.1588
2012.05 38.6214
2015.07 39.5737
2018.1 38.0419
2021.12 35.1016
2024.15 36.1087
2027.17 37.1029
2030.2 35.0606
2033.23 35.9721
2036.25 38.8056
2039.28 37.178
2042.3 33.9707
2045.33 38.0143
2048.35 40.3453
2051.38 38.659
2054.41 36.5008
2057.43 38.2818
2060.46 36.7262
2063.48 35.5924
2066.51 34.9378
2069.54 33.2246
2072.56 36.1696
2075.59 35.7595
2078.61 35.2556
2081.64 35.8494
2084.67 35.6973
2087.69 35.0232
2090.72 37.9874
2093.75 34.1731
2096.77 36.697
2099.8 38.9708
2102.82 41.8799
2105.85 38.4124
2108.88 34.6937
2111.9 36.4173
2114.93 34.1558
2117.96 32.5543
2120.98 36.9483
2124.01 37.3801
2127.04 37.0782
2130.06 35.9111
2133.09 36.5575
2136.12 35.2437
2139.14 35.7559
2142.17 32.9365
2145.2 36.6622
2148.23 36.246
2151.25 35.254
2154.28 34.5841
2157.31 36.3145
2160.33 34.644
2163.36 36.0374
2166.39 36.0618
2169.41 36.8166
2172.44 35.7453
2175.47 36.7968
2178.5 36.9978
2181.52 34.2333
2184.55 34.8129
2187.58 35.744
2190.61 38.1907
2193.63 37.2592
2196.66 37.5317
2199.69 36.8423
2202.72 35.3875
2205.74 31.2092
2208.77 36.3592
2211.8 38.1833
2214.83 31.5604
2217.85 34.3468
2220.88 36.5423
2223.91 36.5446
2226.94 30.9642
2229.97 34.6256
2232.99 35.4409
2236.02 37.5819
2239.05 36.2082
2242.08 36.5683
2245.11 30.3292
2248.13 33.6041
2251.16 34.2215
2254.19 35.2727
2257.22 35.0912
2260.25 38.4638
2263.28 36.6504
2266.3 35.9005
2269.33 37.945
2272.36 35.9688
2275.39 36.5366
2278.42 36.0199
2281.45 34.2249
2284.47 36.3379
2287.5 38.7291
2290.53 34.2479
2293.56 35.0704
2296.59 34.0385
2299.62 35.259
2302.65 35.4183
2305.67 36.1871
2308.7 36.1262
2311.73 35.9909
2314.76 36.5301
2317.79 33.2997
2320.82 34.3007
2323.85 36.6316
2326.88 38.5145
2329.91 37.646
2332.93 37.2534
2335.96 34.8661
2338.99 33.9735
2342.02 36.4394
2345.05 35.3091
2348.08 35.8765
2351.11 34.0305
2354.14 37.2468
2357.17 37.3721
2360.2 35.4455
2363.23 36.017
2366.26 32.8764
2369.28 33.2337
2372.31 34.027
2375.34 39.321
2378.37 36.9589
2381.4 36.0271
2384.43 34.089
2387.46 35.8339
2390.49 35.5937
2393.52 36.3109
2396.55 34.7665
2399.58 35.1771
2402.61 37.7952
2405.64 35.5211
2408.67 36.851
2411.7 34.7867
2414.73 37.409
2417.76 37.6869
2420.79 40.1098
2423.82 39.2035
2426.85 39.6022
2429.88 37.2414
2432.91 34.5661
2435.94 36.2313
2438.97 34.744
2442 38.1201
2445.03 35.7657
2448.06 35.2201
2451.09 35.8909
2454.12 35.6239
2457.15 37.9791
2460.18 39.0281
2463.21 35.5063
2466.24 36.2738
2469.27 36.3348
2472.3 34.3089
2475.33 37.9503
2478.36 37.5433
2481.39 33.8539
2484.42 35.0095
2487.45 38.0557
2490.48 39.1707
2493.52 36.9956
2496.55 33.9086
2499.58 36.5669
2502.61 39.8209
2505.64 36.4861
2508.67 36.529
2511.7 36.6404
2514.73 38.4509
2517.76 37.5281
2520.79 36.5188
2523.82 38.5022
2526.85 37.1296
2529.88 38.5705
2532.92 36.6656
2535.95 39.721
2538.98 39.3292
2542.01 38.2562
2545.04 36.7796
2548.07 37.8747
2551.1 38.5905
2554.13 36.271
2557.16 34.3859
2560.2 38.9799
2563.23 37.7031
2566.26 38.9815
2569.29 34.5001
2572.32 37.9358
2575.35 38.68
2578.38 37.585
2581.42 37.6256
2584.45 35.8525
2587.48 35.7312
2590.51 40.9472
2593.54 36.3321
2596.57 40.3867
2599.6 38.2521
2602.64 36.7742
2605.67 36.5316
2608.7 40.3493
2611.73 38.9564
2614.76 40.2871
2617.79 42.6306
2620.83 40.3008
2623.86 36.5924
2626.89 36.4671
2629.92 38.198
2632.95 36.3212
2635.99 37.2557
2639.02 39.7041
2642.05 38.671
2645.08 40.555
2648.11 38.0793
2651.15 38.3391
2654.18 36.8662
2657.21 38.0357
2660.24 38.2539
2663.27 38.6751
2666.31 34.6289
2669.34 39.5276
2672.37 36.7608
2675.4 40.8064
2678.43 39.3272
2681.47 35.4049
2684.5 39.8798
2687.53 38.2095
2690.56 39.2808
2693.6 38.4123
2696.63 39.0369
2699.66 36.7309
2702.69 37.1642
2705.73 38.5969
2708.76 39.8768
2711.79 40.4073
2714.82 37.3042
2717.86 38.7844
2720.89 38.727
2723.92 38.4586
2726.95 38.7411
2729.99 40.3846
2733.02 41.4582
2736.05 38.6646
2739.09 36.5247
2742.12 36.7734
2745.15 39.2633
2748.18 44.5077
2751.22 37.6648
2754.25 41.5835
2757.28 39.6511
2760.32 37.1079
2763.35 41.7871
2766.38 37.1321
2769.41 40.7192
2772.45 40.0154
2775.48 38.8094
2778.51 38.0002
2781.55 39.5712
2784.58 38.8857
2787.61 37.4892
2790.65 20.6374
2793.68 34.8988
2796.71 34.8468
2799.75 42.1165
2802.78 40.4861
2805.81 38.5822
2808.85 38.9536
2811.88 39.3272
2814.91 41.5101
2817.95 40.5611
2820.98 39.115
2824.01 38.2667
2827.05 37.0689
2830.08 42.0503
2833.11 39.0426
2836.15 43.5137
2839.18 41.8801
2842.21 36.173
2845.25 42.8791
2848.28 39.9851
2851.31 41.4583
2854.35 40.7664
2857.38 42.0636
2860.42 40.6652
2863.45 38.0851
2866.48 39.4065
2869.52 43.8622
2872.55 42.4844
2875.58 38.6029
2878.62 43.2291
2881.65 42.0008
2884.69 40.3609
2887.72 41.4446
2890.75 43.1738
2893.79 41.9724
2896.82 43.3218
2899.86 42.012
2902.89 42.7746
2905.92 40.1492
2908.96 40.1246
2911.99 43.8965
2915.03 41.0251
2918.06 45.6431
2921.09 40.3785
2924.13 43.9326
2927.16 40.2683
2930.2 41.5743
2933.23 37.6322
2936.26 44.5276
2939.3 43.0037
2942.33 40.8103
2945.37 43.4106
2948.4 42.4823
2951.44 43.198
2954.47 43.8886
2957.51 46.4406
2960.54 39.5858
2963.57 46.7526
2966.61 43.2606
2969.64 42.5022
2972.68 43.6744
2975.71 47.1547
2978.75 43.8617
2981.78 39.1371
2984.82 41.054
2987.85 44.6222
2990.88 42.0639
2993.92 41.4748
2996.95 43.6537
2999.99 41.2996
3003.02 46.7094
3006.06 42.4117
3009.09 41.4361
3012.13 43.4806
3015.16 45.9806
3018.2 46.6742
3021.23 43.0866
3024.27 44.1316
3027.3 46.0477
3030.34 41.6663
3033.37 45.4708
3036.41 40.9738
3039.44 47.5036
3042.48 46.9107
3045.51 41.9822
3048.55 42.9088
3051.58 46.4049
3054.62 47.2894
3057.65 44.8374
3060.69 48.5014
3063.72 44.849
3066.76 45.5482
3069.79 48.1043
3072.83 44.612
3075.86 47.0287
3078.9 44.8777
3081.93 45.9413
3084.97 45.4792
3088 40.9607
3091.04 46.6651
3094.07 50.5815
3097.11 45.6097
3100.14 47.8158
3103.18 49.0095
3106.21 46.2937
3109.25 42.6034
3112.28 47.6734
3115.32 49.847
3118.36 45.9959
3121.39 49.8205
3124.43 47.2803
3127.46 46.4817
3130.5 46.9042
3133.53 46.8532
3136.57 50.7276
3139.6 49.3909
3142.64 48.1795
3145.67 47.3243
3148.71 50.4195
3151.75 51.112
3154.78 46.6304
3157.82 51.334
3160.85 49.8392
3163.89 46.8904
3166.92 50.8331
3169.96 49.5453
3172.99 47.1823
3176.03 47.5619
3179.07 47.8087
3182.1 48.7224
3185.14 49.9786
3188.17 47.2971
3191.21 48.8319
3194.25 50.0794
3197.28 47.9651
3200.32 50.5443
3203.35 50.6571
3206.39 50.1412
3209.42 49.1171
3212.46 44.6505
3215.5 49.1535
3218.53 48.4313
3221.57 50.5841
3224.6 48.5722
3227.64 43.5361
3230.68 49.6807
3233.71 52.6076
3236.75 53.6313
3239.78 51.4121
3242.82 49.7608
3245.86 52.6532
3248.89 51.7368
3251.93 51.7481
3254.96 50.666
3258 49.6181
3261.04 57.2184
3264.07 53.4611
3267.11 55.9759
3270.15 50.1916
3273.18 48.5827
3276.22 57.6475
3279.25 53.6913
3282.29 52.9851
3285.33 55.811
3288.36 51.9696
3291.4 53.3504
3294.44 53.3058
3297.47 50.1608
3300.51 53.3022
3303.54 58.4477
3306.58 58.1157
3309.62 54.1446
3312.65 52.2981
3315.69 53.7283
3318.73 52.9181
3321.76 56.9993
3324.8 53.0321
3327.84 56.4163
3330.87 59.3793
3333.91 51.9562
3336.95 54.2269
3339.98 54.5058
3343.02 53.8539
3346.05 58.4372
3349.09 54.5828
3352.13 54.3836
3355.16 57.0593
3358.2 55.4466
3361.24 59.9264
3364.27 55.2904
3367.31 48.1048
3370.35 52.7394
3373.38 52.5704
3376.42 55.9303
3379.46 58.3313
3382.49 58.6236
3385.53 57.6661
3388.57 54.2631
3391.6 55.6595
3394.64 58.6747
3397.68 62.6593
3400.71 59.6021
3403.75 56.3396
3406.79 59.2722
3409.83 58.0078
3412.86 59.4431
3415.9 54.7535
3418.94 56.4776
3421.97 57.383
3425.01 58.2468
3428.05 62.2896
3431.08 58.2095
3434.12 61.51
3437.16 61.298
3440.19 60.2378
3443.23 64.1878
3446.27 61.1312
3449.3 61.8953
3452.34 59.4511
3455.38 60.1254
3458.42 61.6101
3461.45 64.7356
3464.49 64.2644
3467.53 66.3292
3470.56 60.0681
3473.6 63.9324
3476.64 63.5401
3479.68 58.5424
3482.71 60.1983
3485.75 63.6863
3488.79 66.2463
3491.82 59.2113
3494.86 58.2729
3497.9 65.7252
3500.94 68.7562
3503.97 63.6287
3507.01 65.7118
3510.05 64.3003
3513.08 67.5524
3516.12 66.2654
3519.16 69.1918
3522.2 64.3068
3525.23 65.5746
3528.27 67.4569
3531.31 69.0181
3534.34 70.4913
3537.38 74.3452
3540.42 71.2614
3543.46 70.7878
3546.49 76.8936
3549.53 71.2441
3552.57 70.0138
3555.61 77.8213
3558.64 79.1257
3561.68 76.0487
3564.72 80.3431
3567.76 83.343
3570.79 74.2905
3573.83 80.3133
3576.87 80.0197
3579.9 80.7945
3582.94 76.6274
3585.98 82.8317
3589.02 84.1606
3592.05 86.173
3595.09 89.8953
3598.13 86.2576
3601.17 87.7028
3604.2 89.557
3607.24 86.9466
3610.28 91.7209
3613.32 90.6489
3616.35 96.8647
3619.39 104.334
3622.43 104.571
3625.47 102.876
3628.5 105.885
3631.54 104.402
3634.58 113.122
3637.62 116.002
3640.65 115.817
3643.69 113.045
3646.73 123.072
3649.77 114.054
3652.81 120.386
3655.84 122.201
3658.88 128.139
3661.92 121.933
3664.96 124.624
3667.99 132.575
3671.03 139.226
3674.07 131.72
3677.11 138.299
3680.14 135.241
3683.18 140.524
3686.22 138.626
3689.26 145.751
3692.29 144.31
3695.33 143.59
3698.37 148.654
3701.41 148.759
3704.45 145.926
3707.48 154.986
3710.52 151.335
3713.56 150.483
3716.6 151.434
3719.63 155.595
3722.67 157.994
3725.71 170.216
3728.75 172.305
3731.79 169.653
3734.82 167.823
3737.86 169.731
3740.9 171.466
3743.94 173.537
3746.97 177.63
3750.01 169.929
3753.05 171.099
3756.09 187.203
3759.13 185.198
3762.16 192.011
3765.2 194.107
3768.24 201.847
3771.28 206.186
3774.32 209.618
3777.35 210.407
3780.39 217.476
3783.43 243.879
3786.47 257.958
3789.5 299.972
3792.54 316.719
3795.58 327.552
3798.62 333.14
3801.66 328.586
3804.69 310.534
3807.73 280.226
3810.77 252.777
3813.81 238.546
3816.85 230.531
3819.88 241.245
3822.92 255.073
3825.96 272.65
3829 280.589
3832.04 289.712
3835.07 279.909
3838.11 295.069
3841.15 283.388
3844.19 275.558
3847.23 287.265
3850.26 311.256
3853.3 326.423
3856.34 358.798
3859.38 372.949
3862.42 403.457
3865.45 394.236
3868.49 374.133
3871.53 348.536
3874.57 331.613
3877.61 304.039
3880.64 296.787
3883.68 300.721
3886.72 320.574
3889.76 344.732
3892.8 368.912
3895.83 392.561
3898.87 400.918
3901.91 405.447
3904.95 400.657
3907.99 388.788
3911.02 367.386
3914.06 348.859
3917.1 340.049
3920.14 335.587
3923.18 331.664
3926.22 336.914
3929.25 369.449
3932.29 411.432
3935.33 496.067
3938.37 565.863
3941.41 654.14
3944.44 717.128
3947.48 740.359
3950.52 710.921
3953.56 683.419
3956.6 597.137
3959.63 527.221
3962.67 436.437
3965.71 399.184
3968.75 387.912
3971.79 375.016
3974.83 361.296
3977.86 360.661
3980.9 341.578
3983.94 366.58
3986.98 374.834
3990.02 374.764
3993.05 387.601
3996.09 394.467
3999.13 397.503
4002.17 395.425
4005.21 405.23
4008.24 408.233
4011.28 411.859
4014.32 426.886
4017.36 437.48
4020.4 432.019
4023.44 465.032
4026.47 495.956
4029.51 606.873
4032.55 723.719
4035.59 821.043
4038.63 989.366
4041.66 1031.01
4044.7 1033.94
4047.74 1016.07
4050.78 932.374
4053.82 825.146
4056.86 698.11
4059.89 603.846
4062.93 573.021
4065.97 586.821
4069.01 599.011
4072.05 601.445
4075.08 606.098
4078.12 599.262
4081.16 591.224
4084.2 572.782
4087.24 572.552
4090.28 573.221
4093.31 577.456
4096.35 590.938
4099.39 606.214
4102.43 607.424
4105.47 628.632
4108.5 629.245
4111.54 625.817
4114.58 641.81
4117.62 646.637
4120.66 661.41
4123.69 685.817
4126.73 709.572
4129.77 733.748
4132.81 777.321
4135.85 815.994
4138.89 918.175
4141.92 1354.19
4144.96 2142.81
4148 2992.79
4151.04 3933.68
4154.08 4712.22
4157.11 5060.06
4160.15 5079.78
4163.19 4695.59
4166.23 4029.78
4169.27 3318.06
4172.31 2443.41
4175.34 2228.01
4178.38 2431.78
4181.42 2921.42
4184.46 3994.26
4187.5 5154.78
4190.53 6112.68
4193.57 7087.79
4196.61 7395.45
4199.65 7119.86
4202.69 6539.65
4205.72 5380.17
4208.76 4090.86
4211.8 2834.44
4214.84 1642.27
4217.88 1150.4
4220.92 1055.27
4223.95 1018.75
4226.99 999.481
4230.03 982.944
4233.07 983.379
4236.11 1035.58
4239.14 1111.69
4242.18 1284.57
4245.22 1614.43
4248.26 1997.31
4251.3 2438.91
4254.33 3050.89
4257.37 3593.09
4260.41 4107.14
4263.45 4377.35
4266.49 4485.27
4269.52 4241.28
4272.56 3764.67
4275.6 3254.16
4278.64 2669.71
4281.68 2155.11
4284.72 1822.6
4287.75 1742.47
4290.79 1886.44
4293.83 2147.3
4296.87 2241.48
4299.91 2274.03
4302.94 2182.59
4305.98 1964.05
4309.02 1678.84
4312.06 1395.04
4315.1 1169.24
4318.13 1326.46
4321.17 1642.88
4324.21 2020.91
4327.25 2441.87
4330.29 2741.62
4333.32 2931.97
4336.36 2940.44
4339.4 2854.56
4342.44 2547.11
4345.48 2144.06
4348.51 1732.1
4351.55 1490.27
4354.59 1352.52
4357.63 1218.76
4360.66 1093.51
4363.7 1069.46
4366.74 1047.95
4369.78 1053.79
4372.82 1071.4
4375.85 1026.15
4378.89 1010.78
4381.93 1030.41
4384.97 1001.2
4388.01 971.11
4391.04 961.001
4394.08 973.57
4397.12 981.825
4400.16 976.71
4403.2 988.135
4406.23 974.954
4409.27 982.134
4412.31 1003.26
4415.35 1015.27
4418.38 1065.66
4421.42 1060.24
4424.46 1106.37
4427.5 1119.57
4430.54 1120.29
4433.57 1090.42
4436.61 1079.06
4439.65 1039.95
4442.69 1001.42
4445.72 1001.13
4448.76 985.213
4451.8 982.291
4454.84 987.635
4457.88 969.639
4460.91 984.474
4463.95 967.052
4466.99 988.333
4470.03 1001.93
4473.06 1004.05
4476.1 995.087
4479.14 997.402
4482.18 1002.45
4485.22 998.32
4488.25 937.993
4491.29 0
4494.33 0
4497.37 0
4500.4 0
4503.44 0
4506.48 0
4509.52 0
4512.55 0
4515.59 0
4518.63 0
4521.67 0
4524.7 0
4527.74 0
4530.78 0
4533.82 0
4536.85 0
4539.89 0
4542.93 0
4545.97 0
4549 0
4552.04 0
4555.08 0
4558.12 0
4561.15 0
4564.19 0
4567.23 0
4570.27 0
4573.3 0
4576.34 0
4579.38 0
4582.42 0
4585.45 0
4588.49 0
4591.53 0
4594.57 0
4597.6 0
4600.64 0
4603.68 0
4606.72 0
4609.75 0
4612.79 0
4615.83 0
4618.87 0
4621.9 0
4624.94 0
4627.98 0
4631.01 0
4634.05 0
4637.09 0
4640.13 0
4643.16 0
4646.2 0
4649.24 1036.18
4652.28 1102.33
4655.31 1109.41
4658.35 1104.63
4661.39 1054.98
4664.42 1043.16
4667.46 1028.2
4670.5 1003
4673.54 986.47
4676.57 990.431
4679.61 989.682
4682.65 1001.51
4685.68 1014.91
4688.72 1103.96
4691.76 1211.89
4694.79 1282.04
4697.83 1343.5
4700.87 1372.66
4703.91 1382.9
4706.94 1352.96
4709.98 1293.07
4713.02 1175.65
4716.05 1122.07
4719.09 1104.72
4722.13 1103.94
4725.16 1125.23
4728.2 1122.86
4731.24 1113.41
4734.28 1122.08
4737.31 1150.44
4740.35 1126.01
4743.39 1176.39
4746.42 1189.73
4749.46 1169.21
4752.5 1215.68
4755.53 1275.57
4758.57 1302.37
4761.61 1311.04
4764.64 1287.45
4767.68 1229.19
4770.72 1231.59
4773.75 1147.28
4776.79 1092.92
4779.83 1045.63
4782.86 990.463
4785.9 1002.28
4788.94 983.376
4791.97 1022.77
4795.01 1018.82
4798.05 1041.67
4801.08 1051.93
4804.12 1080.3
4807.16 1056.67
4810.19 1047.22
4813.23 1003.87
4816.27 1017.27
4819.3 995.989
4822.34 967.631
4825.38 1008.61
4828.41 1006.24
4831.45 1010.19
4834.49 1025.93
4837.52 1009.39
4840.56 1032.24
4843.6 1015.69
4846.63 968.404
4849.67 975.513
4852.7 966.84
4855.74 955.012
4858.78 943.183
4861.81 992.845
4864.85 1059.01
4867.89 1141.73
4870.92 1226.02
4873.96 1300.89
4877 1369.42
4880.03 1433.22
4883.07 1448.18
4886.1 1422.97
4889.14 1321.33
4892.18 1239.4
4895.21 1144.07
4898.25 1075.53
4901.29 974.701
4904.32 934.515
4907.36 893.537
4910.39 893.546
4913.43 888.834
4916.47 885.669
4919.5 902.219
4922.54 886.463
4925.57 892.763
4928.61 896.694
4931.65 895.915
4934.68 892.755
4937.72 885.672
4940.75 886.469
4943.79 913.243
4946.83 925.074
4949.86 950.295
4952.9 968.421
4955.93 974.715
4958.97 981.819
4962.01 973.135
4965.04 966.828
4968.08 914.817
4971.11 898.268
4974.15 860.459
4977.18 884.883
4980.22 833.658
4983.26 880.152
4986.29 870.7
4989.33 859.664
4992.36 850.204
4995.4 845.457
4998.43 849.33
5001.47 834.297
5004.51 853.985
5007.54 841.372
5010.58 849.249
5013.61 855.537
5016.65 841.39
5019.68 841.438
5022.72 834.419
5025.75 831.283
5028.79 843.883
5031.83 850.2
5034.86 895.899
5037.9 906.144
5040.93 965.248
5043.97 1020.39
5047 1072.41
5050.04 1110.25
5053.07 1194.57
5056.11 1235.54
5059.14 1202.44
5062.18 1186.68
5065.21 1128.37
5068.25 1078.71
5071.29 991.254
5074.32 940.805
5077.36 922.69
5080.39 913.24
5083.43 891.175
5086.46 863.589
5089.5 853.339
5092.53 843.094
5095.57 817.87
5098.6 814.717
5101.64 802.902
5104.67 787.125
5107.71 823.302
5110.74 868.004
5113.78 874.084
5116.81 868.499
5119.85 891.323
5122.88 860.616
5125.92 857.465
5128.95 822.9
5131.99 811.277
5135.02 793.355
5138.06 891.137
5141.09 932.13
5144.13 1006.99
5147.16 1082.65
5150.2 1218.96
5153.23 1374.22
5156.26 1458.52
5159.3 1427.78
5162.33 1348.98
5165.37 1314.32
5168.4 1250.5
5171.44 1185.87
5174.47 1158.29
5177.51 1231.55
5180.54 1393.87
5183.58 1459.28
5186.61 1444.31
5189.65 1407.26
5192.68 1327.68
5195.71 1195.31
5198.75 1040.07
5201.78 894.304
5204.82 943.163
5207.85 1044.81
5210.89 1207.13
5213.92 1371.81
5216.96 1452.99
5219.99 1458.49
5223.02 1419.09
5226.06 1374.94
5229.09 1267.77
5232.13 1085.72
5235.16 965.825
5238.2 972.566
5241.23 1047.14
5244.26 1136.88
5247.3 1168.4
5250.33 1174.7
5253.37 1144.81
5256.4 1134.7
5259.43 1008.95
5262.47 972.148
5265.5 839.84
5268.54 780.755
5271.57 799.669
5274.6 834.334
5277.64 856.378
5280.67 881.579
5283.71 876.859
5286.74 864.246
5289.77 837.439
5292.81 801.191
5295.84 753.119
5298.87 738.144
5301.91 744.422
5304.94 757.008
5307.98 758.544
5311.01 810.506
5314.04 807.856
5317.08 822.876
5320.11 817.81
5323.14 792.919
5326.18 758.012
5329.21 723.287
5332.24 714.744
5335.28 695.464
5338.31 717.073
5341.34 729.529
5344.38 732.998
5347.41 715.898
5350.44 716.749
5353.48 745.885
5356.51 735.567
5359.54 737.86
5362.58 755.972
5365.61 778.073
5368.64 788.301
5371.68 829.277
5374.71 793.896
5377.74 808.156
5380.78 815.301
5383.81 816.874
5386.84 810.575
5389.88 786.125
5392.91 792.407
5395.94 786.875
5398.98 787.621
5402.01 810.436
5405.04 825.364
5408.07 851.294
5411.11 955.994
5414.14 1013.36
5417.17 1043.22
5420.21 1037.19
5423.24 996.732
5426.27 963.252
5429.3 976.924
5432.34 935.244
5435.37 955.121
5438.4 1026.84
5441.43 1133.73
5444.47 1260.26
5447.5 1309.14
5450.53 1294.68
5453.57 1263.29
5456.6 1231.85
5459.63 1164.12
5462.66 1016.04
5465.7 938.854
5468.73 868.783
5471.76 838.92
5474.79 839.747
5477.82 868.914
5480.86 1002.89
5483.89 1283.41
5486.92 1708.95
5489.95 2081.7
5492.99 2212.52
5496.02 2333.86
5499.05 2462.32
5502.08 2383.5
5505.11 1998.95
5508.15 1514.34
5511.18 1264.53
5514.21 1143.9
5517.24 1012.17
5520.27 927.023
5523.31 959.329
5526.34 1031.84
5529.37 1004.27
5532.4 1030.3
5535.43 997.286
5538.47 972.972
5541.5 950.972
5544.53 984.08
5547.56 1263.04
5550.59 1615.28
5553.63 1838.28
5556.66 1872.96
5559.69 2011.65
5562.72 2181.06
5565.75 2120.4
5568.78 1817.79
5571.81 1417.49
5574.85 1297.71
5577.88 1241.78
5580.91 1164.55
5583.94 1007.74
5586.97 977.012
5590 1066.05
5593.03 1243.36
5596.07 1557.78
5599.1 1814.65
5602.13 1907.65
5605.16 1898.19
5608.19 1856.43
5611.22 1772.1
5614.25 1569.59
5617.28 1238.63
5620.32 943.906
5623.35 899.766
5626.38 884.802
5629.41 884.007
5632.44 869.762
5635.47 885.37
5638.5 987.706
5641.53 1146.08
5644.56 1240.66
5647.59 1299.77
5650.63 1270.61
5653.66 1264.38
5656.69 1209.35
5659.72 1026.63
5662.75 839.107
5665.78 750.072
5668.81 757.949
5671.84 763.466
5674.87 785.534
5677.9 869.835
5680.93 925.019
5683.96 950.223
5686.99 965.196
5690.02 925.006
5693.05 880.879
5696.08 838.32
5699.11 760.317
5702.14 699.633
5705.18 668.109
5708.21 654.685
5711.24 641.959
5714.27 630.043
5717.3 654.46
5720.33 635.546
5723.36 643.4
5726.39 686.751
5729.42 805.773
5732.45 924.088
5735.48 943.876
5738.51 951.779
5741.54 958.074
5744.57 932.865
5747.6 844.629
5750.63 717.769
5753.66 627.954
5756.69 590.121
5759.72 637.394
5762.75 674.439
5765.77 712.258
5768.8 736.691
5771.83 731.967
5774.86 750.08
5777.89 757.184
5780.92 732.759
5783.95 696.491
5786.98 645.253
5790.01 668.094
5793.04 694.102
5796.07 683.071
5799.1 706.727
5802.13 688.594
5805.16 672.854
5808.19 663.393
5811.22 638.978
5814.25 563.334
5817.28 572.003
5820.3 594.845
5823.33 650.017
5826.36 725.658
5829.39 758.754
5832.42 744.571
5835.45 757.194
5838.48 754.825
5841.51 727.238
5844.54 668.134
5847.57 630.32
5850.59 684.672
5853.62 713.823
5856.65 734.309
5859.68 725.643
5862.71 739.826
5865.74 752.438
5868.77 721.706
5871.79 761.121
5874.82 884.05
5877.85 1106.26
5880.88 1373.4
5883.91 1470.32
5886.94 1482.14
5889.97 1466.37
5892.99 1391.51
5896.02 1208.69
5899.05 1043.22
5902.08 974.673
5905.11 1073.16
5908.14 1088.92
5911.16 1125.95
5914.19 1164.56
5917.22 1212.64
5920.25 1251.24
5923.28 1096.8
5926.3 988.844
5929.33 944.708
5932.36 977.813
5935.39 983.333
5938.42 917.12
5941.44 773.72
5944.47 720.936
5947.5 728.021
5950.53 698.852
5953.55 627.933
5956.58 618.468
5959.61 597.999
5962.64 620.065
5965.67 637.38
5968.69 641.318
5971.72 667.259
5974.75 675.826
5977.78 707.296
5980.8 730.151
5983.83 694.686
5986.86 721.489
5989.88 756.959
5992.91 768.843
5995.94 757.89
5998.97 708.301
6001.99 698.85
6005.02 718.535
6008.05 723.249
6011.07 735.065
6014.1 767.365
6017.13 939.942
6020.16 1412.72
6023.18 2168.42
6026.21 2659.36
6029.24 2851.64
6032.26 3068.35
6035.29 3318.16
6038.32 3319.73
6041.34 2803.6
6044.37 2033.73
6047.4 1681.49
6050.42 1616.08
6053.45 1404.14
6056.48 1113.36
6059.5 988.852
6062.53 910.83
6065.56 829.676
6068.58 743.788
6071.61 585.409
6074.63 534.17
6077.66 531.813
6080.69 534.952
6083.71 577.473
6086.74 616.073
6089.77 663.345
6092.79 748.425
6095.82 898.142
6098.84 952.495
6101.87 966.72
6104.9 959.638
6107.92 944.668
6110.95 861.942
6113.97 765.806
6117 668.91
6120.02 587.763
6123.05 575.157
6126.08 565.68
6129.1 573.575
6132.13 592.486
6135.15 662.614
6138.18 719.366
6141.2 720.927
6144.23 739.85
6147.25 757.956
6150.28 793.412
6153.31 766.623
6156.33 713.817
6159.36 695.698
6162.38 793.42
6165.41 888.771
6168.43 873.792
6171.46 881.677
6174.48 890.321
6177.51 839.856
6180.53 751.59
6183.56 604.231
6186.58 500.206
6189.61 449.002
6192.63 463.193
6195.66 452.178
6198.68 484.498
6201.71 537.377
6204.73 659.172
6207.75 735.576
6210.78 777.949
6213.8 789.284
6216.83 780.191
6219.85 740.065
6222.88 675.731
6225.9 562.255
6228.93 476.765
6231.95 460.13
6234.98 456.334
6238 479.811
6241.02 484.368
6244.05 466.972
6247.07 471.501
6250.1 472.242
6253.12 448.043
6256.14 445.786
6259.17 444.274
6262.19 429.151
6265.22 442.775
6268.24 423.116
6271.26 445.815
6274.29 443.542
6277.31 439.766
6280.33 439.762
6283.36 472.27
6286.38 537.314
6289.41 615.977
6292.43 648.474
6295.45 704.459
6298.48 774.803
6301.5 854.245
6304.52 828.538
6307.55 780.156
6310.57 682.584
6313.59 679.573
6316.62 629.645
6319.64 507.858
6322.66 452.627
6325.69 429.186
6328.71 423.874
6331.73 436.699
6334.75 423.065
6337.78 431.378
6340.8 435.9
6343.82 422.261
6346.85 423.693
6349.87 428.189
6352.89 442.553
6355.91 481.814
6358.94 513.426
6361.96 555.65
6364.98 545.081
6368 584.456
6371.03 598.89
6374.05 651.133
6377.07 695.119
6380.09 704.357
6383.12 665.124
6386.14 664.406
6389.16 675.003
6392.18 635.669
6395.21 576.663
6398.23 514.633
6401.25 510.088
6404.27 719.636
6407.29 1116.04
6410.32 1464.77
6413.34 1499.6
6416.36 1501.12
6419.38 1535.15
6422.4 1487.49
6425.43 1262.81
6428.45 801.35
6431.47 549.446
6434.49 488.172
6437.51 472.296
6440.53 464.726
6443.55 452.614
6446.58 429.926
6449.6 444.278
6452.62 434.438
6455.64 426.883
6458.66 436.691
6461.68 472.223
6464.7 463.127
6467.72 460.865
6470.75 479.772
6473.77 465.403
6476.79 456.299
6479.81 440.364
6482.83 445.67
6485.85 444.176
6488.87 444.18
6491.89 437.388
6494.91 434.364
6497.93 431.357
6500.95 423.781
6503.98 424.496
6507 421.442
6510.02 435.029
6513.04 418.392
6516.06 423.69
6519.08 422.188
6522.1 421.493
6525.12 437.439
6528.14 463.927
6531.16 488.136
6534.18 494.955
6537.2 501.767
6540.22 506.296
6543.24 504.033
6546.26 501.01
6549.28 453.365
6552.3 422.359
6555.32 411.754
6558.34 398.124
6561.36 414.014
6564.38 398.873
6567.4 408.711
6570.42 410.992
6573.44 415.517
6576.46 408.739
6579.48 404.204
6582.5 415.556
6585.51 419.348
6588.53 432.943
6591.55 457.906
6594.57 504.807
6597.59 549.439
6600.61 589.535
6603.63 587.264
6606.65 588.768
6609.67 576.671
6612.69 538.849
6615.71 494.961
6618.73 430.66
6621.74 414.758
6624.76 428.386
6627.78 408.711
6630.8 436.714
6633.82 432.164
6636.84 457.9
6639.86 450.345
6642.87 430.684
6645.89 453.376
6648.91 469.993
6651.93 492.66
6654.95 562.999
6657.97 578.123
6660.98 615.952
6664 721.114
6667.02 1122.81
6670.04 1572.19
6673.06 1737.15
6676.08 1746.99
6679.09 1702.35
6682.11 1700.84
6685.13 1586.61
6688.15 1136.48
6691.16 663.671
6694.18 535.07
6697.2 526.732
6700.22 501.755
6703.24 478.296
6706.25 485.84
6709.27 491.127
6712.29 492.636
6715.31 499.453
6718.32 497.935
6721.34 498.709
6724.36 503.267
6727.37 507.058
6730.39 492.679
6733.41 482.092
6736.43 512.333
6739.44 619.724
6742.46 1056.93
6745.48 1640.95
6748.49 1993.46
6751.51 2067.6
6754.53 2088.04
6757.54 2116.05
6760.56 1997.31
6763.58 1531.32
6766.59 864.106
6769.61 650.761
6772.63 586.464
6775.64 559.99
6778.66 526.682
6781.68 495.6
6784.69 484.934
6787.71 491.71
6790.72 465.2
6793.74 484.113
6796.76 486.373
6799.77 478.82
6802.79 474.36
6805.8 512.246
6808.82 497.911
6811.84 529.705
6814.85 516.835
6817.87 537.989
6820.88 553.851
6823.9 559.886
6826.91 565.92
6829.93 568.1
6832.95 578.625
6835.96 560.45
6838.98 563.526
6841.99 546.9
6845.01 571.876
6848.02 612.77
6851.04 603.022
6854.05 622.744
6857.07 689.339
6860.08 960.174
6863.1 1480.62
6866.11 1881.56
6869.13 1958.73
6872.14 2023.77
6875.16 2068.43
6878.17 2063.91
6881.19 1814.99
6884.2 1326.27
6887.22 1033.47
6890.23 967.608
6893.24 958.425
6896.26 946.971
6899.27 908.377
6902.29 878.911
6905.3 884.235
6908.32 908.46
6911.33 974.358
6914.34 1025.13
6917.36 1066.05
6920.37 1132.66
6923.39 1237.06
6926.4 1429.21
6929.41 1752.24
6932.43 2040.44
6935.44 2232.58
6938.46 2430.76
6941.47 2719.7
6944.48 3067.69
6947.5 3616.16
6950.51 5780.49
6953.52 16764.1
6956.54 43185.7
6959.55 67671.3
6962.56 74970.1
6965.58 76165.3
6968.59 75994.4
6971.6 73786.9
6974.62 61244.9
6977.63 30907
6980.64 7935.07
6983.66 3660.09
6986.67 2899.07
6989.68 2471.67
6992.69 2138.06
6995.71 1909.59
6998.72 1749.98
7001.73 1568.42
7004.74 1461.76
7007.76 1370.22
7010.77 1293.8
7013.78 1269.59
7016.79 1299.85
7019.81 1510.93
7022.82 1943.62
7025.83 2196.31
7028.84 2237.16
7031.85 2199.34
7034.87 2267.43
7037.88 2279.54
7040.89 1973.16
7043.9 1598.68
7046.91 1507.91
7049.93 1755.28
7052.94 2899.87
7055.95 7960.09
7058.96 18287.8
7061.97 26680.5
7064.98 28693.5
7068 29002.9
7071.01 28881.1
7074.02 27900.7
7077.03 21903.1
7080.04 10101.7
7083.05 2891.53
7086.06 1615.32
7089.07 1374.76
7092.08 1192.45
7095.1 1087.28
7098.11 1047.2
7101.12 994.232
7104.13 963.977
7107.14 926.14
7110.15 910.998
7113.16 873.178
7116.17 852.743
7119.18 808.117
7122.19 748.361
7125.2 730.217
7128.21 760.485
7131.22 786.187
7134.23 1127.33
7137.24 2194.75
7140.25 3663.86
7143.26 4360.57
7146.27 4510.36
7149.28 4535.33
7152.29 4556.53
7155.3 4128.37
7158.31 2779.54
7161.32 1225.68
7164.33 675.682
7167.34 596.967
7170.35 534.154
7173.36 475.891
7176.37 460.757
7179.38 423.683
7182.39 418.403
7185.4 403.306
7188.41 400.317
7191.42 385.214
7194.43 389.017
7197.43 422.267
7200.44 446.446
7203.45 461.539
7206.46 453.215
7209.47 456.98
7212.48 446.38
7215.49 428.241
7218.5 389.693
7221.5 352.657
7224.51 327.67
7227.52 327.657
7230.53 323.867
7233.54 320.825
7236.55 317.785
7239.55 328.369
7242.56 306.446
7245.57 329.171
7248.58 330.722
7251.59 352.676
7254.6 363.277
7257.6 426.08
7260.61 729.456
7263.62 1627.41
7266.63 2607.09
7269.63 3058.71
7272.64 3160.82
7275.65 3158.57
7278.66 3071.57
7281.66 2753.09
7284.67 1751.47
7287.68 705.996
7290.69 392.059
7293.69 335.324
7296.7 339.106
7299.71 311.107
7302.71 303.533
7305.72 304.3
7308.73 311.854
7311.74 295.207
7314.74 289.905
7317.75 287.632
7320.76 289.143
7323.76 271.736
7326.77 260.37
7329.77 258.085
7332.78 250.511
7335.79 251.254
7338.79 232.342
7341.8 250.511
7344.81 245.23
7347.81 259.613
7350.82 264.922
7353.82 261.148
7356.83 251.326
7359.84 262.674
7362.84 258.899
7365.85 275.546
7368.85 277.063
7371.86 382.98
7374.87 637.909
7377.87 889.818
7380.88 1002.54
7383.88 994.975
7386.89 977.582
7389.89 979.089
7392.9 887.563
7395.9 614.46
7398.91 345.902
7401.91 246.794
7404.92 235.449
7407.92 225.605
7410.93 215.02
7413.93 227.132
7416.94 215.78
7419.94 210.475
7422.95 208.959
7425.95 216.517
7428.96 213.487
7431.96 205.918
7434.96 210.457
7437.97 203.637
7440.97 199.878
7443.98 211.981
7446.98 214.248
7449.99 214.262
7452.99 211.243
7455.99 215.009
7459 215.765
7462 210.472
7465 204.429
7468.01 218.806
7471.01 223.345
7474.02 206.692
7477.02 212.003
7480.02 200.643
7483.03 211.237
7486.03 220.317
7489.03 226.356
7492.04 273.252
7495.04 398.8
7498.04 506.985
7501.05 568.985
7504.05 621.916
7507.05 727.806
7510.05 766.382
7513.06 721.753
7516.06 587.108
7519.06 506.934
7522.06 450.975
7525.07 376.853
7528.07 286.848
7531.07 225.58
7534.07 220.302
7537.08 205.167
7540.08 211.225
7543.08 203.653
7546.08 205.915
7549.09 206.667
7552.09 208.185
7555.09 202.135
7558.09 200.617
7561.09 195.324
7564.09 202.131
7567.1 202.143
7570.1 203.647
7573.1 201.38
7576.1 193.044
7579.1 201.385
7582.1 206.659
7585.1 236.142
7588.11 249.775
7591.11 273.234
7594.11 289.112
7597.11 297.446
7600.11 299.716
7603.11 282.33
7606.11 262.66
7609.11 233.912
7612.11 231.63
7615.11 210.432
7618.11 213.456
7621.11 261.844
7624.12 410.879
7627.12 668.064
7630.12 872.322
7633.12 931.332
7636.12 986.564
7639.12 954.806
7642.12 904.134
7645.12 726.337
7648.12 449.485
7651.12 268.672
7654.12 217.221
7657.12 205.134
7660.12 214.959
7663.12 224.797
7666.11 213.46
7669.11 214.968
7672.11 221.778
7675.11 206.646
7678.11 205.123
7681.11 193.747
7684.11 188.436
7687.11 183.135
7690.11 194.486
7693.11 186.92
7696.11 186.177
7699.11 196.03
7702.1 190.006
7705.1 185.475
7708.1 205.912
7711.1 236.933
7714.1 375.368
7717.1 520.633
7720.09 624.252
7723.09 705.206
7726.09 710.494
7729.09 681.744
7732.09 665.857
7735.09 499.414
7738.08 331.467
7741.08 218.764
7744.08 0
7747.08 0
7750.07 0
7753.07 0
7756.07 0
7759.07 0
7762.06 0
7765.06 0
7768.06 0
7771.06 0
7774.05 0
7777.05 0
7780.05 0
7783.04 0
7786.04 0
7789.04 0
7792.04 0
7795.03 0
7798.03 0
7801.02 0
7804.02 0
7807.02 0
7810.01 0
7813.01 0
7816.01 0
7819 0
7822 0
7824.99 0
7827.99 0
7830.99 0
7833.98 0
7836.98 0
7839.97 0
7842.97 0
7845.96 0
7848.96 0
7851.96 0
7854.95 0
7857.95 0
7860.94 0
7863.94 0
7866.93 0
7869.93 0
7872.92 0
7875.92 0
7878.91 0
7881.91 0
7884.9 0
7887.89 269.57
7890.89 304.31
7893.88 328.328
7896.88 355.995
7899.87 347.998
7902.87 319.87
7905.86 279.42
7908.85 223.594
7911.85 193.989
7914.84 167.787
7917.84 166.876
7920.83 167.321
7923.82 165.817
7926.82 176.043
7929.81 175.311
7932.8 176.701
7935.8 243.804
7938.79 387.415
7941.78 552.992
7944.78 698.61
7947.77 747.337
7950.76 747.55
7953.76 752.93
7956.75 682.745
7959.74 516.337
7962.74 344.057
7965.73 217.043
7968.72 181.527
7971.71 181.653
7974.71 178.908
7977.7 177.983
7980.69 176.144
7983.68 179.955
7986.68 190.872
7989.67 203.258
7992.66 241.015
7995.65 378.17
7998.64 612.31
8001.64 850.866
8004.63 1175.05
8007.62 1449.03
8010.61 1641.69
8013.6 1721.12
8016.59 1630.82
8019.59 1374.6
8022.58 1088.74
8025.57 808.353
8028.56 533.547
8031.55 306.841
8034.54 215.035
8037.53 198.915
8040.52 200.668
8043.51 193.963
8046.5 184.724
8049.5 190.865
8052.49 180.615
8055.48 184.919
8058.47 187.975
8061.46 202.176
8064.45 197.28
8067.44 205.032
8070.43 216.506
8073.42 249.398
8076.41 303.629
8079.4 362.772
8082.39 392.032
8085.38 449.748
8088.37 512.388
8091.36 663.63
8094.35 1039.31
8097.34 1451.68
8100.33 1854.94
8103.32 2302.19
8106.31 2999.07
8109.29 3725.49
8112.28 4137.75
8115.27 4003.11
8118.26 3575.92
8121.25 3108.18
8124.24 2692.55
8127.23 1935.43
8130.22 1114.71
8133.21 481.458
8136.19 311.211
8139.18 278.073
8142.17 243.401
8145.16 239.554
8148.15 231.442
8151.14 226.742
8154.12 213.446
8157.11 206.35
8160.1 207.09
8163.09 200.087
8166.08 184.54
8169.06 188.804
8172.05 185.863
8175.04 171.861
8178.03 176.27
8181.01 177.167
8184 167.032
8186.99 162.251
8189.98 164.545
8192.96 175.621
8195.95 166.981
8198.94 180.481
8201.93 168.809
8204.91 178.384
8207.9 181.693
8210.89 180.338
8213.87 175.862
8216.86 172.059
8219.85 176.546
8222.83 173.912
8225.82 167.817
8228.8 175.048
8231.79 185.73
8234.78 179.851
8237.76 188.483
8240.75 197.115
8243.73 194.212
8246.72 216.253
8249.71 286.619
8252.69 495.562
8255.68 914.268
8258.66 1362.94
8261.65 1669.05
8264.63 1844.87
8267.62 1829.73
8270.6 1772.61
8273.59 1543.22
8276.57 1143.03
8279.56 727.217
8282.54 359
8285.53 257.063
8288.51 237.597
8291.5 234.095
8294.48 229.6
8297.47 246.966
8300.45 374.511
8303.44 637.915
8306.42 885.012
8309.41 1127.1
8312.39 1325.72
8315.37 1392.92
8318.36 1427.81
8321.34 1317.09
8324.33 1061.94
8327.31 800.403
8330.29 567.206
8333.28 396.435
8336.26 311.192
8339.24 264.121
8342.23 234.893
8345.21 225.829
8348.19 242.833
8351.18 292.266
8354.16 325.295
8357.14 360.141
8360.13 382.787
8363.11 412.988
8366.09 484.342
8369.07 559.006
8372.06 590.721
8375.04 639.398
8378.02 669.313
8381 762.77
8383.99 936.116
8386.97 1193.13
8389.95 1396.63
8392.93 1575.07
8395.91 1714.01
8398.9 1820.37
8401.88 1823.54
8404.86 1663.8
8407.84 1367.45
8410.82 1037.27
8413.8 887.743
8416.79 774.255
8419.77 707.824
8422.75 678.352
8425.73 608.914
8428.71 581.367
8431.69 512.737
8434.67 432.31
8437.65 332.252
8440.63 243.496
8443.61 208.353
8446.6 186.211
8449.58 173.723
8452.56 171.589
8455.54 182.293
8458.52 173.957
8461.5 183.702
8464.48 177.79
8467.46 173.379
8470.44 162.903
8473.42 169.546
8476.4 160.261
8479.38 164.309
8482.36 165.406
8485.34 167.781
8488.32 186.911
8491.29 205.284
8494.27 211.279
8497.25 219.021
8500.23 252.672
8503.21 326.361
8506.19 416.124
8509.17 490.273
8512.15 579.2
8515.13 689.234
8518.11 756.766
8521.08 797.208
8524.06 796.642
8527.04 799.048
8530.02 792.079
8533 734.939
8535.98 726.19
8538.95 683.969
8541.93 660.405
8544.91 589.354
8547.89 515.651
8550.87 419.855
8553.84 340.973
8556.82 262.519
8559.8 201.603
8562.78 182.391
8565.75 175.497
8568.73 171.656
8571.71 171.243
8574.69 156.805
8577.66 168.221
8580.64 179.601
8583.62 221.035
8586.59 282.065
8589.57 330.494
8592.55 393.242
8595.52 418.489
8598.5 413.114
8601.48 400.01
8604.45 367.306
8607.43 289.169
8610.4 232.945
8613.38 179.02
8616.36 154.203
8619.33 152.943
8622.31 141.594
8625.28 138.836
8628.26 143.991
8631.24 134.39
8634.21 141.683
8637.19 135.927
8640.16 137.254
8643.14 142.557
8646.11 154.22
8649.09 188.355
8652.06 261.197
8655.04 325.903
8658.01 397.876
8660.99 457.138
8663.96 497.13
8666.94 491.936
8669.91 478.612
8672.88 424.384
8675.86 358.36
8678.83 305.514
8681.81 259.313
8684.78 248.687
8687.76 244.113
8690.73 243.512
8693.7 226.581
8696.68 213.37
8699.65 186.06
8702.62 162.137
8705.6 145.052
8708.57 131.225
8711.54 126.948
8714.52 131.576
8717.49 131.877
8720.46 133.74
8723.44 132.395
8726.41 140.011
8729.38 138.021
8732.36 132.287
8735.33 135.924
8738.3 135.27
8741.27 131.454
8744.25 132.601
8747.22 126.248
8750.19 139.896
8753.16 138.566
8756.13 129.279
8759.11 125.356
8762.08 123.683
8765.05 127.253
8768.02 125.931
8770.99 123.775
8773.96 120.246
8776.94 117.558
8779.91 109.366
8782.88 114.304
8785.85 115.37
8788.82 123.341
8791.79 121.301
8794.76 127.99
8797.73 133.905
8800.7 121.423
8803.67 116.727
8806.65 115.17
8809.62 117.207
8812.59 121.347
8815.56 118.682
8818.53 106.482
8821.5 107.217
8824.47 108.334
8827.44 116.771
8830.41 117.467
8833.38 114.732
8836.35 114.837
8839.32 117.131
8842.29 119.874
8845.25 128.625
8848.22 136.949
8851.19 146.002
8854.16 130.525
8857.13 132.794
8860.1 125.789
8863.07 114.091
8866.04 114.57
8869.01 116.431
8871.98 118.884
8874.94 121.41
8877.91 106.298
8880.88 110.199
8883.85 104.198
8886.82 104.28
8889.79 109.352
8892.75 114.441
8895.72 104.703
8898.69 107.161
8901.66 106.787
8904.63 110.163
8907.59 103.803
8910.56 106.396
8913.53 104.54
8916.5 96.6525
8919.46 103.407
8922.43 102.162
8925.4 106.525
8928.36 100.038
8931.33 102.883
8934.3 105.391
8937.26 101.126
8940.23 104.233
8943.2 103.794
8946.16 103.919
8949.13 107.028
8952.1 105.729
8955.06 101.612
8958.03 113.058
8960.99 105.083
8963.96 104.266
8966.93 106.814
8969.89 104.333
8972.86 101.128
8975.82 97.0423
8978.79 95.5676
8981.75 103.333
8984.72 101.54
8987.68 104.135
8990.65 93.8527
8993.62 99.7796
8996.58 101.86
8999.54 104.433
9002.51 116.644
9005.47 143.806
9008.44 163.517
9011.4 187.148
9014.37 192.278
9017.33 190.163
9020.3 198.521
9023.26 186.625
9026.22 167.374
9029.19 151.684
9032.15 135.48
9035.12 125.444
9038.08 128.459
9041.04 134.152
9044.01 128.694
9046.97 119.102
9049.93 110.546
9052.9 110.749
9055.86 105.346
9058.82 91.4082
9061.79 98.0617
9064.75 97.336
9067.71 98.3635
9070.67 97.7848
9073.64 96.2126
9076.6 106.329
9079.56 99.8738
9082.52 105.109
9085.49 101.396
9088.45 106.808
9091.41 105.343
9094.37 102.312
9097.33 94.8053
9100.3 98.9298
9103.26 104.599
9106.22 131.617
9109.18 182.24
9112.14 279.652
9115.1 368.192
9118.06 435.359
9121.03 480.436
9123.99 488.431
9126.95 472.24
9129.91 429.206
9132.87 335.065
9135.83 247.988
9138.79 181.969
9141.75 124.232
9144.71 104.417
9147.67 105.419
9150.63 104.302
9153.59 102.375
9156.55 94.5243
9159.51 101.528
9162.47 99.8196
9165.43 100.664
9168.39 104.027
9171.35 101.334
9174.31 104.39
9177.27 108.176
9180.23 112.886
9183.19 116.375
9186.15 113.091
9189.11 117.519
9192.06 115.99
9195.02 111.965
9197.98 100.141
9200.94 93.673
9203.9 95.2547
9206.86 101.77
9209.82 120.734
9212.77 148.185
9215.73 166.872
9218.69 181.269
9221.65 191.059
9224.61 202.518
9227.56 178.368
9230.52 172.896
9233.48 157.483
9236.44 123.844
9239.39 118.706
9242.35 108.85
9245.31 98.1196
9248.27 100.628
9251.22 90.5804
9254.18 99.7706
9257.14 90.7973
9260.09 94.7842
9263.05 88.7774
9266.01 79.0896
9268.96 85.6928
9271.92 80.6173
9274.88 81.1125
9277.83 83.229
9280.79 84.087
9283.74 76.3792
9286.7 78.4432
9289.66 87.6879
9292.61 79.4582
9295.57 81.415
9298.52 83.4854
9301.48 75.6481
9304.43 82.4798
9307.39 75.6791
9310.34 77.3446
9313.3 79.1968
9316.25 73.5975
9319.21 79.4899
9322.16 75.25
9325.12 69.0641
9328.07 66.9444
9331.03 66.0072
9333.98 68.3123
9336.93 73.6007
9339.89 69.1327
9342.84 71.3381
9345.8 77.3173
9348.75 71.264
9351.7 70.0376
9354.66 75.9213
9357.61 71.8318
9360.57 71.704
9363.52 71.3974
9366.47 69.9906
9369.42 61.9334
9372.38 70.6038
9375.33 69.0681
9378.28 67.7857
9381.24 67.1885
9384.19 76.3722
9387.14 81.3931
9390.09 86.8221
9393.05 90.2624
9396 91.1163
9398.95 99.0383
9401.9 101.103
9404.86 95.0619
9407.81 86.6057
9410.76 77.2618
9413.71 72.308
9416.66 68.1364
9419.61 67.0764
9422.57 70.6573
9425.52 67.3011
9428.47 58.6781
9431.42 61.4315
9434.37 65.3723
9437.32 65.8354
9440.27 67.7085
9443.22 68.106
9446.17 69.933
9449.12 66.8196
9452.07 68.0512
9455.02 76.8035
9457.98 73.4231
9460.93 73.6535
9463.88 68.763
9466.83 64.102
9469.78 73.6747
9472.72 73.9762
9475.67 62.7719
9478.62 59.9862
9481.57 63.6951
9484.52 62.6014
9487.47 68.6059
9490.42 61.8444
9493.37 64.232
9496.32 66.6242
9499.27 69.4087
9502.22 65.719
9505.17 67.3555
9508.11 65.5844
9511.06 69.4806
9514.01 64.588
9516.96 71.5797
9519.91 70.3947
9522.86 77.3637
9525.8 69.0632
9528.75 70.0816
9531.7 68.2131
9534.65 69.2613
9537.59 67.1917
9540.54 60.9968
9543.49 56.7475
9546.44 55.2303
9549.38 54.0815
9552.33 55.5281
9555.28 54.0514
9558.22 55.6724
9561.17 55.3423
9564.12 55.1771
9567.06 53.1002
9570.01 55.614
9572.96 52.9038
9575.9 53.4204
9578.85 55.2358
9581.8 52.1016
9584.74 54.3619
9587.69 55.5973
9590.63 55.0769
9593.58 56.7202
9596.53 61.5461
9599.47 59.121
9602.42 58.5091
9605.36 66.6565
9608.31 61.2773
9611.25 56.1794
9614.2 55.9649
9617.14 53.915
9620.09 50.3102
9623.03 54.2122
9625.98 48.1435
9628.92 48.634
9631.86 48.2332
9634.81 50.4967
9637.75 50.0184
9640.7 52.4507
9643.64 46.8794
9646.58 54.8651
9649.53 59.2008
9652.47 54.68
9655.42 61.7207
9658.36 60.7919
9661.3 59.3647
9664.25 52.4735
9667.19 56.4619
9670.13 52.4731
9673.07 52.211
9676.02 49.6504
9678.96 50.8156
9681.9 51.6523
9684.84 52.6574
9687.79 50.4297
9690.73 52.703
9693.67 48.8447
9696.61 47.9828
9699.56 47.6228
9702.5 48.5448
9705.44 45.2692
9708.38 47.8442
9711.32 47.2557
9714.26 47.722
9717.21 50.0831
9720.15 49.7715
9723.09 48.9376
9726.03 44.8068
9728.97 48.8003
9731.91 49.1934
9734.85 55.2313
9737.79 58.914
9740.73 56.1644
9743.67 60.9238
9746.61 61.4827
9749.55 60.1351
9752.49 67.0721
9755.43 62.1812
9758.37 63.4563
9761.31 60.114
9764.25 58.0154
9767.19 60.9062
9770.13 55.8129
9773.07 57.7795
9776.01 57.0184
9778.95 53.3263
9781.89 46.3342
9784.83 51.2072
9787.77 43.6927
9790.71 46.4394
9793.65 45.8179
9796.58 39.9375
9799.52 43.4117
9802.46 43.4424
9805.4 45.5471
9808.34 39.2488
9811.27 39.9256
9814.21 39.6287
9817.15 42.7325
9820.09 44.4133
9823.03 41.286
9825.96 43.042
9828.9 40.9327
9831.84 43.6451
9834.78 42.7145
9837.71 43.1906
9840.65 38.9876
9843.59 42.0259
9846.52 37.2247
9849.46 38.2964
9852.4 41.2945
9855.33 37.5216
9858.27 39.1662
9861.21 38.2082
9864.14 36.0094
9867.08 38.6663
9870.01 39.8438
9872.95 39.214
9875.89 40.155
9878.82 37.2849
9881.76 35.5019
9884.69 38.4699
9887.63 37.2364
9890.56 36.7665
9893.5 39.3312
9896.43 38.3031
9899.37 42.9562
9902.3 43.2838
9905.24 42.0918
9908.17 42.2381
9911.11 41.3679
9914.04 42.1518
9916.97 39.688
9919.91 39.9367
9922.84 37.6503
9925.78 36.5684
9928.71 35.095
9931.64 37.1498
9934.58 35.286
9937.51 35.2495
9940.44 39.8639
9943.38 37.6069
9946.31 36.4679
9949.24 35.2927
9952.18 40.8578
9955.11 35.5804
9958.04 37.1743
9960.97 36.0719
9963.91 40.3371
9966.84 39.4097
9969.77 29.4209
9972.7 32.364
9975.64 32.3059
9978.57 33.9225
9981.5 33.5021
9984.43 34.5339
9987.36 33.2724
9990.29 35.8693
9993.23 36.0104
9996.16 34.9076
9999.09 35.1057
10002 31.7804
10005 32.2428
10007.9 31.7659
10010.8 34.1831
10013.7 34.221
10016.7 30.9658
10019.6 34.9232
10022.5 31.0921
10025.5 33.7001
10028.4 29.017
10031.3 34.9083
10034.3 30.604
10037.2 31.1646
10040.1 31.5203
10043 30.5953
10046 33.8761
10048.9 36.5069
10051.8 38.0313
10054.8 30.7266
10057.7 34.2125
10060.6 30.1302
10063.5 31.6691
10066.5 32.2188
10069.4 28.6427
10072.3 32.5688
10075.3 37.399
10078.2 33.5702
10081.1 35.9651
10084 35.3556
10087 33.5681
10089.9 38.4482
10092.8 35.0707
10095.8 44.2922
10098.7 40.8994
10101.6 36.2499
10104.5 37.1743
10107.5 43.6238
10110.4 40.1317
10113.3 40.2057
10116.2 35.2892
10119.2 39.069
10122.1 31.4605
10125 29.1875
10128 32.3343
10130.9 29.3041
10133.8 26.7142
10136.7 33.8788
10139.7 34.9613
10142.6 30.4744
10145.5 26.5583
10148.4 30.0379
10151.4 30.2959
10154.3 28.9605
10157.2 33.8124
10160.1 29.3008
10163.1 28.7413
10166 29.5166
10168.9 27.0285
10171.8 26.8854
10174.8 25.3555
10177.7 27.1267
10180.6 29.9568
10183.5 28.3325
10186.5 27.3632
10189.4 26.3178
10192.3 25.8973
10195.2 29.9596
10198.2 26.8227
10201.1 29.3662
10204 25.6787
10206.9 26.7815
10209.8 24.8008
10212.8 26.6238
10215.7 26.0689
10218.6 31.6708
10221.5 28.0958
10224.5 29.5404
10227.4 31.3675
10230.3 27.8437
10233.2 26.4943
10236.2 25.1339
10239.1 25.3246
10242 23.038
10244.9 24.4487
10247.8 23.0594
10250.8 25.8877
10253.7 25.8795
10256.6 26.5163
10259.5 25.3744
10262.4 28.2277
10265.4 29.3926
10268.3 23.9518
10271.2 29.5964
10274.1 28.7372
10277.1 25.2004
10280 27.3061
10282.9 30.5333
10285.8 29.1079
10288.7 29.7598
10291.7 33.2324
10294.6 31.4953
10297.5 32.3375
10300.4 33.2083
10303.3 36.3686
10306.3 33.2304
10309.2 38.5046
10312.1 37.5444
10315 34.6088
10317.9 36.0823
10320.8 32.3772
10323.8 29.6192
10326.7 26.1653
10329.6 22.4483
10332.5 25.2665
10335.4 26.4448
10338.4 26.0026
10341.3 27.1937
10344.2 24.6341
10347.1 28.2211
10350 28.7363
10352.9 30.5024
10355.9 35.7645
10358.8 39.4022
10361.7 37.9519
10364.6 33.4941
10367.5 35.2509
10370.5 32.7229
10373.4 28.176
10376.3 25.7253
10379.2 23.6436
10382.1 20.6131
10385 23.2672
10388 22.7323
10390.9 21.0977
10393.8 18.8989
10396.7 23.478
10399.6 26.0913
10402.5 24.225
10405.4 24.1457
10408.4 24.2495
10411.3 25.266
10414.2 23.0664
10417.1 27.3846
10420 27.9522
10422.9 34.3258
10425.9 31.2427
10428.8 31.5421
10431.7 37.9697
10434.6 35.8137
10437.5 28.7671
10440.4 27.7126
10443.3 23.8044
10446.3 21.0351
10449.2 24.7497
10452.1 22.0492
10455 23.104
10457.9 18.4097
10460.8 24.4355
10463.7 25.759
10466.6 20.6187
10469.6 23.4335
10472.5 20.2984
10475.4 19.8058
10478.3 23.6272
10481.2 21.3405
10484.1 21.7235
10487 28.4961
10489.9 25.2004
10492.9 24.6575
10495.8 27.1265
10498.7 23.6461
10501.6 25.5549
10504.5 25.9979
10507.4 23.4957
10510.3 18.3804
10513.2 19.3143
10516.2 18.0757
10519.1 16.9766
10522 17.2289
10524.9 19.2319
10527.8 17.5995
10530.7 17.5794
10533.6 18.473
10536.5 20.7993
10539.4 21.3732
10542.3 19.8341
10545.3 22.8147
10548.2 20.6892
10551.1 21.3279
10554 18.7981
10556.9 15.4189
10559.8 17.8559
10562.7 18.1089
10565.6 19.11
10568.5 17.2107
10571.4 16.7696
10574.3 17.796
10577.3 20.2919
10580.2 20.5182
10583.1 17.6113
10586 18.38
10588.9 19.2344
10591.8 19.938
10594.7 16.3807
10597.6 15.3785
10600.5 14.5392
10603.4 16.3967
10606.3 18.8278
10609.2 18.2963
10612.2 14.6949
10615.1 19.2416
10618 18.4211
10620.9 16.7536
10623.8 18.9658
10626.7 15.7189
10629.6 13.072
10632.5 14.3206
10635.4 16.7786
10638.3 15.7193
10641.2 16.3426
10644.1 12.3655
10647 15.5358
10649.9 17.3337
10652.8 15.0342
10655.7 16.4803
10658.7 14.4984
10661.6 14.0436
10664.5 16.1898
10667.4 15.9516
10670.3 16.5809
10673.2 15.7511
10676.1 17.1324
10679 14.5948
10681.9 15.4543
10684.8 16.7374
10687.7 18.9645
10690.6 14.6507
10693.5 15.6331
10696.4 14.3578
10699.3 15.4208
10702.2 16.1895
10705.1 17.03
10708 13.5804
10710.9 16.4438
10713.8 15.6499
10716.7 13.9675
10719.6 17.0222
10722.5 17.3585
10725.4 14.3406
10728.3 15.4029
10731.2 13.8971
10734.1 16.44
10737 16.4414
10739.9 14.0912
10742.9 18.8201
10745.8 12.3966
10748.7 12.7612
10751.6 15.5139
10754.5 14.1367
10757.4 13.2953
10760.3 14.0074
10763.2 12.7183
10766.1 13.9242
10769 16.4742
10771.9 14.495
10774.8 14.8309
10777.7 15.6596
10780.6 12.6668
10783.5 12.7561
10786.4 11.8159
10789.3 15.2709
10792.2 14.1537
10795.1 13.9188
10798 14.6504
10800.9 15.1671
10803.8 16.6194
10806.7 15.6888
10809.6 14.185
10812.5 13.4146
10815.4 15.0809
10818.3 16.8971
10821.2 14.7946
10824 16.2808
10826.9 16.3969
10829.8 18.2581
10832.7 13.8413
10835.6 13.4787
10838.5 12.4067
10841.4 15.6535
10844.3 15.5867
10847.2 15.0732
10850.1 14.9185
10853 10.9417
10855.9 13.7756
10858.8 15.6184
10861.7 15.9795
10864.6 16.5007
10867.5 16.844
10870.4 16.1888
10873.3 18.5176
10876.2 14.4107
10879.1 16.9724
10882 16.6297
10884.9 15.3472
10887.8 15.817
10890.7 14.2547
10893.6 18.6938
10896.5 16.6408
10899.4 11.0487
10902.3 0
10905.1 0
10908 0
10910.9 0
10913.8 0
